Vertex Count: 180

Data:

0 -0.5 0.5 0 2.49431e-43 0 0 1
0.191342 -0.5 0.46194 0 2.49431e-43 0.3827 0 0.9239
0 0.5 0.5 0 2.49431e-43 0 0 1
0.191342 -0.5 0.46194 0 2.49431e-43 0.3827 0 0.9239
0.353553 -0.5 0.353553 0 2.49431e-43 0.7071 0 0.7071
0.191342 0.5 0.46194 0 2.49431e-43 0.3827 0 0.9239
0.353553 -0.5 0.353553 0 2.49431e-43 0.7071 0 0.7071
0.46194 -0.5 0.191342 0 2.49431e-43 0.9239 0 0.3827
0.353553 0.5 0.353553 0 2.49431e-43 0.7071 0 0.7071
0.46194 -0.5 0.191342 0 2.49431e-43 0.9239 0 0.3827
0.5 -0.5 -0 0 2.49431e-43 1 0 0
0.46194 0.5 0.191342 0 2.49431e-43 0.9239 0 0.3827
0.5 -0.5 -0 0 2.49431e-43 1 0 0
0.46194 -0.5 -0.191342 0 2.49431e-43 0.9239 0 -0.3827
0.5 0.5 -0 0 2.49431e-43 1 0 0
0.46194 -0.5 -0.191342 0 2.49431e-43 0.9239 0 -0.3827
0.353553 -0.5 -0.353553 0 2.49431e-43 0.7071 0 -0.7071
0.46194 0.5 -0.191342 0 2.49431e-43 0.9239 0 -0.3827
0.353553 -0.5 -0.353553 0 2.49431e-43 0.7071 0 -0.7071
0.191342 -0.5 -0.46194 0 2.49431e-43 0.3827 0 -0.9239
0.353553 0.5 -0.353553 0 2.49431e-43 0.7071 0 -0.7071
0.191342 -0.5 -0.46194 0 2.49431e-43 0.3827 0 -0.9239
0 -0.5 -0.5 0 2.49431e-43 0 0 -1
0.191342 0.5 -0.46194 0 2.49431e-43 0.3827 0 -0.9239
0 -0.5 -0.5 0 2.49431e-43 0 0 -1
-0.191342 -0.5 -0.46194 0 2.49431e-43 -0.3827 0 -0.9239
0 0.5 -0.5 0 2.49431e-43 0 0 -1
-0.191342 -0.5 -0.46194 0 2.49431e-43 -0.3827 0 -0.9239
-0.353553 -0.5 -0.353554 0 2.49431e-43 -0.7071 0 -0.7071
-0.191342 0.5 -0.46194 0 2.49431e-43 -0.3827 0 -0.9239
-0.353553 -0.5 -0.353554 0 2.49431e-43 -0.7071 0 -0.7071
-0.46194 -0.5 -0.191342 0 2.49431e-43 -0.9239 0 -0.3827
-0.353553 0.5 -0.353554 0 2.49431e-43 -0.7071 0 -0.7071
-0.46194 -0.5 -0.191342 0 2.49431e-43 -0.9239 0 -0.3827
-0.5 -0.5 0 0 2.49431e-43 -1 0 0
-0.46194 0.5 -0.191342 0 2.49431e-43 -0.9239 0 -0.3827
-0.5 -0.5 0 0 2.49431e-43 -1 0 0
-0.46194 -0.5 0.191342 0 2.49431e-43 -0.9239 0 0.3827
-0.5 0.5 0 0 2.49431e-43 -1 0 0
-0.46194 -0.5 0.191342 0 2.49431e-43 -0.9239 0 0.3827
-0.353553 -0.5 0.353554 0 2.49431e-43 -0.7071 0 0.7071
-0.46194 0.5 0.191342 0 2.49431e-43 -0.9239 0 0.3827
-0.353553 0.5 0.353554 0 2.49431e-43 0 1 -0
0.353553 0.5 -0.353553 0 2.49431e-43 0 1 -0
-0.353553 0.5 -0.353554 0 2.49431e-43 0 1 -0
-0.353553 -0.5 0.353554 0 2.49431e-43 -0.7071 0 0.7071
-0.191341 -0.5 0.46194 0 2.49431e-43 -0.3827 0 0.9239
-0.353553 0.5 0.353554 0 2.49431e-43 -0.7071 0 0.7071
-0.191341 -0.5 0.46194 0 2.49431e-43 -0.3827 0 0.9239
0 -0.5 0.5 0 2.49431e-43 0 0 1
-0.191341 0.5 0.46194 0 2.49431e-43 -0.3827 0 0.9239
0.46194 -0.5 0.191342 0 2.49431e-43 0 -1 0
-0.46194 -0.5 -0.191342 0 2.49431e-43 0 -1 0
0.191342 -0.5 -0.46194 0 2.49431e-43 0 -1 0
0.191342 -0.5 0.46194 0 2.49431e-43 0.3827 0 0.9239
0.191342 0.5 0.46194 0 2.49431e-43 0.3827 0 0.9239
0 0.5 0.5 0 2.49431e-43 0 0 1
0.353553 -0.5 0.353553 0 2.49431e-43 0.7071 0 0.7071
0.353553 0.5 0.353553 0 2.49431e-43 0.7071 0 0.7071
0.191342 0.5 0.46194 0 2.49431e-43 0.3827 0 0.9239
0.46194 -0.5 0.191342 0 2.49431e-43 0.9239 0 0.3827
0.46194 0.5 0.191342 0 2.49431e-43 0.9239 0 0.3827
0.353553 0.5 0.353553 0 2.49431e-43 0.7071 0 0.7071
0.5 -0.5 -0 0 2.49431e-43 1 0 0
0.5 0.5 -0 0 2.49431e-43 1 0 0
0.46194 0.5 0.191342 0 2.49431e-43 0.9239 0 0.3827
0.46194 -0.5 -0.191342 0 2.49431e-43 0.9239 0 -0.3827
0.46194 0.5 -0.191342 0 2.49431e-43 0.9239 0 -0.3827
0.5 0.5 -0 0 2.49431e-43 1 0 0
0.353553 -0.5 -0.353553 0 2.49431e-43 0.7071 0 -0.7071
0.353553 0.5 -0.353553 0 2.49431e-43 0.7071 0 -0.7071
0.46194 0.5 -0.191342 0 2.49431e-43 0.9239 0 -0.3827
0.191342 -0.5 -0.46194 0 2.49431e-43 0.3827 0 -0.9239
0.191342 0.5 -0.46194 0 2.49431e-43 0.3827 0 -0.9239
0.353553 0.5 -0.353553 0 2.49431e-43 0.7071 0 -0.7071
0 -0.5 -0.5 0 2.49431e-43 0 0 -1
0 0.5 -0.5 0 2.49431e-43 0 0 -1
0.191342 0.5 -0.46194 0 2.49431e-43 0.3827 0 -0.9239
-0.191342 -0.5 -0.46194 0 2.49431e-43 -0.3827 0 -0.9239
-0.191342 0.5 -0.46194 0 2.49431e-43 -0.3827 0 -0.9239
0 0.5 -0.5 0 2.49431e-43 0 0 -1
-0.353553 -0.5 -0.353554 0 2.49431e-43 -0.7071 0 -0.7071
-0.353553 0.5 -0.353554 0 2.49431e-43 -0.7071 0 -0.7071
-0.191342 0.5 -0.46194 0 2.49431e-43 -0.3827 0 -0.9239
-0.46194 -0.5 -0.191342 0 2.49431e-43 -0.9239 0 -0.3827
-0.46194 0.5 -0.191342 0 2.49431e-43 -0.9239 0 -0.3827
-0.353553 0.5 -0.353554 0 2.49431e-43 -0.7071 0 -0.7071
-0.5 -0.5 0 0 2.49431e-43 -1 0 0
-0.5 0.5 0 0 2.49431e-43 -1 0 0
-0.46194 0.5 -0.191342 0 2.49431e-43 -0.9239 0 -0.3827
-0.46194 -0.5 0.191342 0 2.49431e-43 -0.9239 0 0.3827
-0.46194 0.5 0.191342 0 2.49431e-43 -0.9239 0 0.3827
-0.5 0.5 0 0 2.49431e-43 -1 0 0
-0.353553 -0.5 0.353554 0 2.49431e-43 -0.7071 0 0.7071
-0.353553 0.5 0.353554 0 2.49431e-43 -0.7071 0 0.7071
-0.46194 0.5 0.191342 0 2.49431e-43 -0.9239 0 0.3827
0 0.5 0.5 0 2.49431e-43 0 1 -0
0.191342 0.5 0.46194 0 2.49431e-43 0 1 -0
0.353553 0.5 0.353553 0 2.49431e-43 0 1 -0
-0.353553 0.5 0.353554 0 2.49431e-43 0 1 -0
-0.191341 0.5 0.46194 0 2.49431e-43 0 1 -0
0 0.5 0.5 0 2.49431e-43 0 1 -0
-0.5 0.5 0 0 2.49431e-43 0 1 -0
-0.46194 0.5 0.191342 0 2.49431e-43 0 1 -0
-0.353553 0.5 0.353554 0 2.49431e-43 0 1 -0
-0.353553 0.5 -0.353554 0 2.49431e-43 0 1 -0
-0.46194 0.5 -0.191342 0 2.49431e-43 0 1 -0
-0.5 0.5 0 0 2.49431e-43 0 1 -0
0.353553 0.5 -0.353553 0 2.49431e-43 0 1 -0
-0.191342 0.5 -0.46194 0 2.49431e-43 0 1 -0
-0.353553 0.5 -0.353554 0 2.49431e-43 0 1 -0
0.353553 0.5 -0.353553 0 2.49431e-43 0 1 -0
0.191342 0.5 -0.46194 0 2.49431e-43 0 1 -0
0 0.5 -0.5 0 2.49431e-43 0 1 -0
0.5 0.5 -0 0 2.49431e-43 0 1 -0
0.46194 0.5 -0.191342 0 2.49431e-43 0 1 -0
0.353553 0.5 -0.353553 0 2.49431e-43 0 1 -0
0.353553 0.5 -0.353553 0 2.49431e-43 0 1 -0
0.46194 0.5 0.191342 0 2.49431e-43 0 1 -0
0.5 0.5 -0 0 2.49431e-43 0 1 -0
-0.353553 0.5 0.353554 0 2.49431e-43 0 1 -0
0 0.5 0.5 0 2.49431e-43 0 1 -0
0.353553 0.5 0.353553 0 2.49431e-43 0 1 -0
-0.353553 0.5 -0.353554 0 2.49431e-43 0 1 -0
-0.5 0.5 0 0 2.49431e-43 0 1 -0
-0.353553 0.5 0.353554 0 2.49431e-43 0 1 -0
0.353553 0.5 -0.353553 0 2.49431e-43 0 1 -0
0 0.5 -0.5 0 2.49431e-43 0 1 -0
-0.191342 0.5 -0.46194 0 2.49431e-43 0 1 -0
0.353553 0.5 0.353553 0 2.49431e-43 0 1 -0
0.46194 0.5 0.191342 0 2.49431e-43 0 1 -0
0.353553 0.5 -0.353553 0 2.49431e-43 0 1 -0
0.353553 0.5 -0.353553 0 2.49431e-43 0 1 -0
-0.353553 0.5 0.353554 0 2.49431e-43 0 1 -0
0.353553 0.5 0.353553 0 2.49431e-43 0 1 -0
-0.191341 -0.5 0.46194 0 2.49431e-43 -0.3827 0 0.9239
-0.191341 0.5 0.46194 0 2.49431e-43 -0.3827 0 0.9239
-0.353553 0.5 0.353554 0 2.49431e-43 -0.7071 0 0.7071
0 -0.5 0.5 0 2.49431e-43 0 0 1
0 0.5 0.5 0 2.49431e-43 0 0 1
-0.191341 0.5 0.46194 0 2.49431e-43 -0.3827 0 0.9239
0.191342 -0.5 0.46194 0 2.49431e-43 0 -1 0
0 -0.5 0.5 0 2.49431e-43 0 -1 0
-0.191341 -0.5 0.46194 0 2.49431e-43 0 -1 0
-0.191341 -0.5 0.46194 0 2.49431e-43 0 -1 0
0.353553 -0.5 0.353553 0 2.49431e-43 0 -1 0
0.191342 -0.5 0.46194 0 2.49431e-43 0 -1 0
0.46194 -0.5 -0.191342 0 2.49431e-43 0 -1 0
0.5 -0.5 -0 0 2.49431e-43 0 -1 0
0.46194 -0.5 0.191342 0 2.49431e-43 0 -1 0
0.46194 -0.5 0.191342 0 2.49431e-43 0 -1 0
0.353553 -0.5 -0.353553 0 2.49431e-43 0 -1 0
0.46194 -0.5 -0.191342 0 2.49431e-43 0 -1 0
-0.46194 -0.5 -0.191342 0 2.49431e-43 0 -1 0
0 -0.5 -0.5 0 2.49431e-43 0 -1 0
0.191342 -0.5 -0.46194 0 2.49431e-43 0 -1 0
-0.46194 -0.5 -0.191342 0 2.49431e-43 0 -1 0
-0.353553 -0.5 -0.353554 0 2.49431e-43 0 -1 0
-0.191342 -0.5 -0.46194 0 2.49431e-43 0 -1 0
-0.46194 -0.5 0.191342 0 2.49431e-43 0 -1 0
-0.5 -0.5 0 0 2.49431e-43 0 -1 0
-0.46194 -0.5 -0.191342 0 2.49431e-43 0 -1 0
-0.191341 -0.5 0.46194 0 2.49431e-43 0 -1 0
-0.353553 -0.5 0.353554 0 2.49431e-43 0 -1 0
-0.46194 -0.5 0.191342 0 2.49431e-43 0 -1 0
0.46194 -0.5 0.191342 0 2.49431e-43 0 -1 0
0.353553 -0.5 0.353553 0 2.49431e-43 0 -1 0
-0.191341 -0.5 0.46194 0 2.49431e-43 0 -1 0
0.191342 -0.5 -0.46194 0 2.49431e-43 0 -1 0
0.353553 -0.5 -0.353553 0 2.49431e-43 0 -1 0
0.46194 -0.5 0.191342 0 2.49431e-43 0 -1 0
-0.46194 -0.5 -0.191342 0 2.49431e-43 0 -1 0
-0.191342 -0.5 -0.46194 0 2.49431e-43 0 -1 0
0 -0.5 -0.5 0 2.49431e-43 0 -1 0
-0.191341 -0.5 0.46194 0 2.49431e-43 0 -1 0
-0.46194 -0.5 0.191342 0 2.49431e-43 0 -1 0
-0.46194 -0.5 -0.191342 0 2.49431e-43 0 -1 0
-0.46194 -0.5 -0.191342 0 2.49431e-43 0 -1 0
0.46194 -0.5 0.191342 0 2.49431e-43 0 -1 0
-0.191341 -0.5 0.46194 0 2.49431e-43 0 -1 0
