Vertex Count: 1440

Data:

0.073223 -0.46194 0.176777 0 2.49431e-43 0.1504 -0.9195 0.3631
0.106304 -0.415735 0.25664 0 2.49431e-43 0.2158 -0.8258 0.521
0 -0.46194 0.191342 0 2.49431e-43 0 -0.9195 0.393
0.187665 0.097545 0.453064 0 2.49431e-43 0.3755 0.1928 0.9065
0.176777 0.191342 0.426777 0 2.49431e-43 0.3542 0.3784 0.8552
0 0.097545 0.490392 0 2.49431e-43 0 0.1928 0.9812
0.037329 -0.490393 0.09012 0 2.49431e-43 0.0791 -0.9784 0.191
0.073223 -0.46194 0.176777 0 2.49431e-43 0.1504 -0.9195 0.3631
0 -0.490393 0.097545 0 2.49431e-43 0 -0.9784 0.2068
0 0 0.5 0 2.49431e-43 0 0 1
0.191342 0 0.46194 0 2.49431e-43 0.3827 0 0.9239
0 0.097545 0.490392 0 2.49431e-43 0 0.1928 0.9812
0.037329 0.490393 0.09012 0 2.49431e-43 0.0791 0.9784 0.191
-0 0.5 -0 0 2.49431e-43 0 1 -0
0 0.490393 0.097545 0 2.49431e-43 0 0.9784 0.2068
0.037329 -0.490393 0.09012 0 2.49431e-43 0.0791 -0.9784 0.191
0 -0.490393 0.097545 0 2.49431e-43 0 -0.9784 0.2068
0 -0.5 -0 0 2.49431e-43 0 -1 -0
0.187665 -0.097545 0.453064 0 2.49431e-43 0.3755 -0.1928 0.9065
0.191342 0 0.46194 0 2.49431e-43 0.3827 0 0.9239
0 -0.097545 0.490392 0 2.49431e-43 0 -0.1928 0.9812
0 0.46194 0.191342 0 2.49431e-43 0 0.9195 0.393
0.073223 0.46194 0.176777 0 2.49431e-43 0.1504 0.9195 0.3631
0 0.490393 0.097545 0 2.49431e-43 0 0.9784 0.2068
0 -0.191342 0.46194 0 2.49431e-43 0 -0.3784 0.9256
0.176777 -0.191342 0.426777 0 2.49431e-43 0.3542 -0.3784 0.8552
0 -0.097545 0.490392 0 2.49431e-43 0 -0.1928 0.9812
0 0.415735 0.277785 0 2.49431e-43 0 0.8258 0.5639
0.106304 0.415735 0.25664 0 2.49431e-43 0.2158 0.8258 0.521
0 0.46194 0.191342 0 2.49431e-43 0 0.9195 0.393
0.159095 -0.277785 0.384089 0 2.49431e-43 0.3196 -0.55 0.7716
0.176777 -0.191342 0.426777 0 2.49431e-43 0.3542 -0.3784 0.8552
0 -0.277785 0.415735 0 2.49431e-43 0 -0.55 0.8351
0.135299 0.353553 0.326641 0 2.49431e-43 0.2729 0.701 0.6588
0.106304 0.415735 0.25664 0 2.49431e-43 0.2158 0.8258 0.521
0 0.353553 0.353553 0 2.49431e-43 0 0.701 0.7131
0.135299 -0.353553 0.326641 0 2.49431e-43 0.2729 -0.701 0.6588
0.159095 -0.277785 0.384089 0 2.49431e-43 0.3196 -0.55 0.7716
0 -0.353553 0.353553 0 2.49431e-43 0 -0.701 0.7131
0 0.277785 0.415735 0 2.49431e-43 0 0.55 0.8351
0.159095 0.277785 0.384089 0 2.49431e-43 0.3196 0.55 0.7716
0 0.353553 0.353553 0 2.49431e-43 0 0.701 0.7131
0 -0.415735 0.277785 0 2.49431e-43 0 -0.8258 0.5639
0.106304 -0.415735 0.25664 0 2.49431e-43 0.2158 -0.8258 0.521
0 -0.353553 0.353553 0 2.49431e-43 0 -0.701 0.7131
0 0.191342 0.46194 0 2.49431e-43 0 0.3784 0.9256
0.176777 0.191342 0.426777 0 2.49431e-43 0.3542 0.3784 0.8552
0 0.277785 0.415735 0 2.49431e-43 0 0.55 0.8351
0.293969 0.277785 0.293969 0 2.49431e-43 0.5905 0.55 0.5905
0.25 0.353553 0.25 0 2.49431e-43 0.5042 0.701 0.5042
0.159095 0.277785 0.384089 0 2.49431e-43 0.3196 0.55 0.7716
0.106304 -0.415735 0.25664 0 2.49431e-43 0.2158 -0.8258 0.521
0.196424 -0.415735 0.196424 0 2.49431e-43 0.3987 -0.8258 0.3987
0.135299 -0.353553 0.326641 0 2.49431e-43 0.2729 -0.701 0.6588
0.326641 0.191342 0.326641 0 2.49431e-43 0.6545 0.3784 0.6545
0.293969 0.277785 0.293969 0 2.49431e-43 0.5905 0.55 0.5905
0.176777 0.191342 0.426777 0 2.49431e-43 0.3542 0.3784 0.8552
0.135299 -0.46194 0.135299 0 2.49431e-43 0.2779 -0.9195 0.2779
0.196424 -0.415735 0.196424 0 2.49431e-43 0.3987 -0.8258 0.3987
0.073223 -0.46194 0.176777 0 2.49431e-43 0.1504 -0.9195 0.3631
0.34676 0.097545 0.34676 0 2.49431e-43 0.6938 0.1928 0.6938
0.326641 0.191342 0.326641 0 2.49431e-43 0.6545 0.3784 0.6545
0.187665 0.097545 0.453064 0 2.49431e-43 0.3755 0.1928 0.9065
0.068975 -0.490393 0.068975 0 2.49431e-43 0.1462 -0.9784 0.1462
0.135299 -0.46194 0.135299 0 2.49431e-43 0.2779 -0.9195 0.2779
0.037329 -0.490393 0.09012 0 2.49431e-43 0.0791 -0.9784 0.191
0.191342 0 0.46194 0 2.49431e-43 0.3827 0 0.9239
0.353554 0 0.353553 0 2.49431e-43 0.7071 0 0.7071
0.187665 0.097545 0.453064 0 2.49431e-43 0.3755 0.1928 0.9065
0.068975 0.490393 0.068975 0 2.49431e-43 0.1462 0.9784 0.1462
-0 0.5 -0 0 2.49431e-43 0 1 -0
0.037329 0.490393 0.09012 0 2.49431e-43 0.0791 0.9784 0.191
0.068975 -0.490393 0.068975 0 2.49431e-43 0.1462 -0.9784 0.1462
0.037329 -0.490393 0.09012 0 2.49431e-43 0.0791 -0.9784 0.191
0 -0.5 -0 0 2.49431e-43 0 -1 -0
0.187665 -0.097545 0.453064 0 2.49431e-43 0.3755 -0.1928 0.9065
0.34676 -0.097545 0.34676 0 2.49431e-43 0.6938 -0.1928 0.6938
0.191342 0 0.46194 0 2.49431e-43 0.3827 0 0.9239
0.073223 0.46194 0.176777 0 2.49431e-43 0.1504 0.9195 0.3631
0.135299 0.46194 0.135299 0 2.49431e-43 0.2779 0.9195 0.2779
0.037329 0.490393 0.09012 0 2.49431e-43 0.0791 0.9784 0.191
0.326641 -0.191342 0.326641 0 2.49431e-43 0.6545 -0.3784 0.6545
0.34676 -0.097545 0.34676 0 2.49431e-43 0.6938 -0.1928 0.6938
0.176777 -0.191342 0.426777 0 2.49431e-43 0.3542 -0.3784 0.8552
0.106304 0.415735 0.25664 0 2.49431e-43 0.2158 0.8258 0.521
0.196424 0.415735 0.196424 0 2.49431e-43 0.3987 0.8258 0.3987
0.073223 0.46194 0.176777 0 2.49431e-43 0.1504 0.9195 0.3631
0.159095 -0.277785 0.384089 0 2.49431e-43 0.3196 -0.55 0.7716
0.293969 -0.277785 0.293969 0 2.49431e-43 0.5905 -0.55 0.5905
0.176777 -0.191342 0.426777 0 2.49431e-43 0.3542 -0.3784 0.8552
0.135299 0.353553 0.326641 0 2.49431e-43 0.2729 0.701 0.6588
0.25 0.353553 0.25 0 2.49431e-43 0.5042 0.701 0.5042
0.106304 0.415735 0.25664 0 2.49431e-43 0.2158 0.8258 0.521
0.135299 -0.353553 0.326641 0 2.49431e-43 0.2729 -0.701 0.6588
0.25 -0.353553 0.25 0 2.49431e-43 0.5042 -0.701 0.5042
0.159095 -0.277785 0.384089 0 2.49431e-43 0.3196 -0.55 0.7716
0.34676 -0.097545 0.34676 0 2.49431e-43 0.6938 -0.1928 0.6938
0.453064 -0.097545 0.187665 0 2.49431e-43 0.9065 -0.1928 0.3755
0.353554 0 0.353553 0 2.49431e-43 0.7071 0 0.7071
0.135299 0.46194 0.135299 0 2.49431e-43 0.2779 0.9195 0.2779
0.176777 0.46194 0.073223 0 2.49431e-43 0.3631 0.9195 0.1504
0.068975 0.490393 0.068975 0 2.49431e-43 0.1462 0.9784 0.1462
0.426777 -0.191342 0.176777 0 2.49431e-43 0.8552 -0.3784 0.3542
0.453064 -0.097545 0.187665 0 2.49431e-43 0.9065 -0.1928 0.3755
0.326641 -0.191342 0.326641 0 2.49431e-43 0.6545 -0.3784 0.6545
0.196424 0.415735 0.196424 0 2.49431e-43 0.3987 0.8258 0.3987
0.25664 0.415735 0.106304 0 2.49431e-43 0.521 0.8258 0.2158
0.135299 0.46194 0.135299 0 2.49431e-43 0.2779 0.9195 0.2779
0.293969 -0.277785 0.293969 0 2.49431e-43 0.5905 -0.55 0.5905
0.384089 -0.277785 0.159095 0 2.49431e-43 0.7716 -0.55 0.3196
0.326641 -0.191342 0.326641 0 2.49431e-43 0.6545 -0.3784 0.6545
0.25 0.353553 0.25 0 2.49431e-43 0.5042 0.701 0.5042
0.326641 0.353553 0.135299 0 2.49431e-43 0.6588 0.701 0.2729
0.196424 0.415735 0.196424 0 2.49431e-43 0.3987 0.8258 0.3987
0.326641 -0.353553 0.135299 0 2.49431e-43 0.6588 -0.701 0.2729
0.384089 -0.277785 0.159095 0 2.49431e-43 0.7716 -0.55 0.3196
0.25 -0.353553 0.25 0 2.49431e-43 0.5042 -0.701 0.5042
0.293969 0.277785 0.293969 0 2.49431e-43 0.5905 0.55 0.5905
0.384089 0.277785 0.159095 0 2.49431e-43 0.7716 0.55 0.3196
0.25 0.353553 0.25 0 2.49431e-43 0.5042 0.701 0.5042
0.25664 -0.415735 0.106304 0 2.49431e-43 0.521 -0.8258 0.2158
0.326641 -0.353553 0.135299 0 2.49431e-43 0.6588 -0.701 0.2729
0.196424 -0.415735 0.196424 0 2.49431e-43 0.3987 -0.8258 0.3987
0.326641 0.191342 0.326641 0 2.49431e-43 0.6545 0.3784 0.6545
0.426777 0.191342 0.176777 0 2.49431e-43 0.8552 0.3784 0.3542
0.293969 0.277785 0.293969 0 2.49431e-43 0.5905 0.55 0.5905
0.176777 -0.46194 0.073223 0 2.49431e-43 0.3631 -0.9195 0.1504
0.25664 -0.415735 0.106304 0 2.49431e-43 0.521 -0.8258 0.2158
0.135299 -0.46194 0.135299 0 2.49431e-43 0.2779 -0.9195 0.2779
0.34676 0.097545 0.34676 0 2.49431e-43 0.6938 0.1928 0.6938
0.453064 0.097545 0.187665 0 2.49431e-43 0.9065 0.1928 0.3755
0.326641 0.191342 0.326641 0 2.49431e-43 0.6545 0.3784 0.6545
0.068975 -0.490393 0.068975 0 2.49431e-43 0.1462 -0.9784 0.1462
0.09012 -0.490393 0.037329 0 2.49431e-43 0.191 -0.9784 0.0791
0.135299 -0.46194 0.135299 0 2.49431e-43 0.2779 -0.9195 0.2779
0.46194 0 0.191342 0 2.49431e-43 0.9239 0 0.3827
0.453064 0.097545 0.187665 0 2.49431e-43 0.9065 0.1928 0.3755
0.353554 0 0.353553 0 2.49431e-43 0.7071 0 0.7071
0.09012 0.490393 0.037329 0 2.49431e-43 0.191 0.9784 0.0791
-0 0.5 -0 0 2.49431e-43 0 1 -0
0.068975 0.490393 0.068975 0 2.49431e-43 0.1462 0.9784 0.1462
0.09012 -0.490393 0.037329 0 2.49431e-43 0.191 -0.9784 0.0791
0.068975 -0.490393 0.068975 0 2.49431e-43 0.1462 -0.9784 0.1462
0 -0.5 -0 0 2.49431e-43 0 -1 -0
0.277785 -0.415735 -0 0 2.49431e-43 0.5639 -0.8258 -0
0.353554 -0.353553 -0 0 2.49431e-43 0.7131 -0.701 -0
0.25664 -0.415735 0.106304 0 2.49431e-43 0.521 -0.8258 0.2158
0.426777 0.191342 0.176777 0 2.49431e-43 0.8552 0.3784 0.3542
0.46194 0.191342 -0 0 2.49431e-43 0.9256 0.3784 -0
0.384089 0.277785 0.159095 0 2.49431e-43 0.7716 0.55 0.3196
0.191342 -0.46194 -0 0 2.49431e-43 0.393 -0.9195 -0
0.277785 -0.415735 -0 0 2.49431e-43 0.5639 -0.8258 -0
0.176777 -0.46194 0.073223 0 2.49431e-43 0.3631 -0.9195 0.1504
0.453064 0.097545 0.187665 0 2.49431e-43 0.9065 0.1928 0.3755
0.490393 0.097545 -0 0 2.49431e-43 0.9812 0.1928 -0
0.426777 0.191342 0.176777 0 2.49431e-43 0.8552 0.3784 0.3542
0.09012 -0.490393 0.037329 0 2.49431e-43 0.191 -0.9784 0.0791
0.097545 -0.490393 -0 0 2.49431e-43 0.2068 -0.9784 -0
0.176777 -0.46194 0.073223 0 2.49431e-43 0.3631 -0.9195 0.1504
0.5 0 -0 0 2.49431e-43 1 0 -0
0.490393 0.097545 -0 0 2.49431e-43 0.9812 0.1928 -0
0.46194 0 0.191342 0 2.49431e-43 0.9239 0 0.3827
0.097545 0.490393 -0 0 2.49431e-43 0.2068 0.9784 -0
-0 0.5 -0 0 2.49431e-43 0 1 -0
0.09012 0.490393 0.037329 0 2.49431e-43 0.191 0.9784 0.0791
0.097545 -0.490393 -0 0 2.49431e-43 0.2068 -0.9784 -0
0.09012 -0.490393 0.037329 0 2.49431e-43 0.191 -0.9784 0.0791
0 -0.5 -0 0 2.49431e-43 0 -1 -0
0.453064 -0.097545 0.187665 0 2.49431e-43 0.9065 -0.1928 0.3755
0.490393 -0.097545 -0 0 2.49431e-43 0.9812 -0.1928 -0
0.46194 0 0.191342 0 2.49431e-43 0.9239 0 0.3827
0.176777 0.46194 0.073223 0 2.49431e-43 0.3631 0.9195 0.1504
0.191342 0.46194 -0 0 2.49431e-43 0.393 0.9195 -0
0.09012 0.490393 0.037329 0 2.49431e-43 0.191 0.9784 0.0791
0.46194 -0.191342 -0 0 2.49431e-43 0.9256 -0.3784 -0
0.490393 -0.097545 -0 0 2.49431e-43 0.9812 -0.1928 -0
0.426777 -0.191342 0.176777 0 2.49431e-43 0.8552 -0.3784 0.3542
0.25664 0.415735 0.106304 0 2.49431e-43 0.521 0.8258 0.2158
0.277785 0.415735 -0 0 2.49431e-43 0.5639 0.8258 -0
0.176777 0.46194 0.073223 0 2.49431e-43 0.3631 0.9195 0.1504
0.384089 -0.277785 0.159095 0 2.49431e-43 0.7716 -0.55 0.3196
0.415735 -0.277785 -0 0 2.49431e-43 0.8351 -0.55 -0
0.426777 -0.191342 0.176777 0 2.49431e-43 0.8552 -0.3784 0.3542
0.326641 0.353553 0.135299 0 2.49431e-43 0.6588 0.701 0.2729
0.353554 0.353553 -0 0 2.49431e-43 0.7131 0.701 -0
0.25664 0.415735 0.106304 0 2.49431e-43 0.521 0.8258 0.2158
0.353554 -0.353553 -0 0 2.49431e-43 0.7131 -0.701 -0
0.415735 -0.277785 -0 0 2.49431e-43 0.8351 -0.55 -0
0.326641 -0.353553 0.135299 0 2.49431e-43 0.6588 -0.701 0.2729
0.384089 0.277785 0.159095 0 2.49431e-43 0.7716 0.55 0.3196
0.415735 0.277785 -0 0 2.49431e-43 0.8351 0.55 -0
0.326641 0.353553 0.135299 0 2.49431e-43 0.6588 0.701 0.2729
0.426777 -0.191342 -0.176777 0 2.49431e-43 0.8552 -0.3784 -0.3542
0.453064 -0.097545 -0.187665 0 2.49431e-43 0.9065 -0.1928 -0.3755
0.46194 -0.191342 -0 0 2.49431e-43 0.9256 -0.3784 -0
0.277785 0.415735 -0 0 2.49431e-43 0.5639 0.8258 -0
0.25664 0.415735 -0.106304 0 2.49431e-43 0.521 0.8258 -0.2158
0.191342 0.46194 -0 0 2.49431e-43 0.393 0.9195 -0
0.415735 -0.277785 -0 0 2.49431e-43 0.8351 -0.55 -0
0.384089 -0.277785 -0.159095 0 2.49431e-43 0.7716 -0.55 -0.3196
0.46194 -0.191342 -0 0 2.49431e-43 0.9256 -0.3784 -0
0.353554 0.353553 -0 0 2.49431e-43 0.7131 0.701 -0
0.326641 0.353553 -0.135299 0 2.49431e-43 0.6588 0.701 -0.2729
0.277785 0.415735 -0 0 2.49431e-43 0.5639 0.8258 -0
0.353554 -0.353553 -0 0 2.49431e-43 0.7131 -0.701 -0
0.326641 -0.353553 -0.135299 0 2.49431e-43 0.6588 -0.701 -0.2729
0.415735 -0.277785 -0 0 2.49431e-43 0.8351 -0.55 -0
0.415735 0.277785 -0 0 2.49431e-43 0.8351 0.55 -0
0.384089 0.277785 -0.159095 0 2.49431e-43 0.7716 0.55 -0.3196
0.353554 0.353553 -0 0 2.49431e-43 0.7131 0.701 -0
0.25664 -0.415735 -0.106304 0 2.49431e-43 0.521 -0.8258 -0.2158
0.326641 -0.353553 -0.135299 0 2.49431e-43 0.6588 -0.701 -0.2729
0.277785 -0.415735 -0 0 2.49431e-43 0.5639 -0.8258 -0
0.46194 0.191342 -0 0 2.49431e-43 0.9256 0.3784 -0
0.426777 0.191342 -0.176777 0 2.49431e-43 0.8552 0.3784 -0.3542
0.415735 0.277785 -0 0 2.49431e-43 0.8351 0.55 -0
0.176777 -0.46194 -0.073224 0 2.49431e-43 0.3631 -0.9195 -0.1504
0.25664 -0.415735 -0.106304 0 2.49431e-43 0.521 -0.8258 -0.2158
0.191342 -0.46194 -0 0 2.49431e-43 0.393 -0.9195 -0
0.490393 0.097545 -0 0 2.49431e-43 0.9812 0.1928 -0
0.453064 0.097545 -0.187665 0 2.49431e-43 0.9065 0.1928 -0.3755
0.46194 0.191342 -0 0 2.49431e-43 0.9256 0.3784 -0
0.097545 -0.490393 -0 0 2.49431e-43 0.2068 -0.9784 -0
0.09012 -0.490393 -0.037329 0 2.49431e-43 0.191 -0.9784 -0.0791
0.191342 -0.46194 -0 0 2.49431e-43 0.393 -0.9195 -0
0.46194 0 -0.191342 0 2.49431e-43 0.9239 0 -0.3827
0.453064 0.097545 -0.187665 0 2.49431e-43 0.9065 0.1928 -0.3755
0.5 0 -0 0 2.49431e-43 1 0 -0
0.09012 0.490393 -0.037329 0 2.49431e-43 0.191 0.9784 -0.0791
-0 0.5 -0 0 2.49431e-43 0 1 -0
0.097545 0.490393 -0 0 2.49431e-43 0.2068 0.9784 -0
0.09012 -0.490393 -0.037329 0 2.49431e-43 0.191 -0.9784 -0.0791
0.097545 -0.490393 -0 0 2.49431e-43 0.2068 -0.9784 -0
0 -0.5 -0 0 2.49431e-43 0 -1 -0
0.490393 -0.097545 -0 0 2.49431e-43 0.9812 -0.1928 -0
0.453064 -0.097545 -0.187665 0 2.49431e-43 0.9065 -0.1928 -0.3755
0.5 0 -0 0 2.49431e-43 1 0 -0
0.191342 0.46194 -0 0 2.49431e-43 0.393 0.9195 -0
0.176777 0.46194 -0.073224 0 2.49431e-43 0.3631 0.9195 -0.1504
0.097545 0.490393 -0 0 2.49431e-43 0.2068 0.9784 -0
0.135299 -0.46194 -0.135299 0 2.49431e-43 0.2779 -0.9195 -0.2779
0.196424 -0.415735 -0.196424 0 2.49431e-43 0.3987 -0.8258 -0.3987
0.176777 -0.46194 -0.073224 0 2.49431e-43 0.3631 -0.9195 -0.1504
0.453064 0.097545 -0.187665 0 2.49431e-43 0.9065 0.1928 -0.3755
0.34676 0.097545 -0.34676 0 2.49431e-43 0.6938 0.1928 -0.6938
0.426777 0.191342 -0.176777 0 2.49431e-43 0.8552 0.3784 -0.3542
0.09012 -0.490393 -0.037329 0 2.49431e-43 0.191 -0.9784 -0.0791
0.068975 -0.490393 -0.068975 0 2.49431e-43 0.1462 -0.9784 -0.1462
0.176777 -0.46194 -0.073224 0 2.49431e-43 0.3631 -0.9195 -0.1504
0.353553 0 -0.353554 0 2.49431e-43 0.7071 0 -0.7071
0.34676 0.097545 -0.34676 0 2.49431e-43 0.6938 0.1928 -0.6938
0.46194 0 -0.191342 0 2.49431e-43 0.9239 0 -0.3827
0.068975 0.490393 -0.068975 0 2.49431e-43 0.1462 0.9784 -0.1462
-0 0.5 -0 0 2.49431e-43 0 1 -0
0.09012 0.490393 -0.037329 0 2.49431e-43 0.191 0.9784 -0.0791
0.068975 -0.490393 -0.068975 0 2.49431e-43 0.1462 -0.9784 -0.1462
0.09012 -0.490393 -0.037329 0 2.49431e-43 0.191 -0.9784 -0.0791
0 -0.5 -0 0 2.49431e-43 0 -1 -0
0.453064 -0.097545 -0.187665 0 2.49431e-43 0.9065 -0.1928 -0.3755
0.34676 -0.097545 -0.34676 0 2.49431e-43 0.6938 -0.1928 -0.6938
0.46194 0 -0.191342 0 2.49431e-43 0.9239 0 -0.3827
0.176777 0.46194 -0.073224 0 2.49431e-43 0.3631 0.9195 -0.1504
0.135299 0.46194 -0.135299 0 2.49431e-43 0.2779 0.9195 -0.2779
0.09012 0.490393 -0.037329 0 2.49431e-43 0.191 0.9784 -0.0791
0.326641 -0.191342 -0.326641 0 2.49431e-43 0.6545 -0.3784 -0.6545
0.34676 -0.097545 -0.34676 0 2.49431e-43 0.6938 -0.1928 -0.6938
0.426777 -0.191342 -0.176777 0 2.49431e-43 0.8552 -0.3784 -0.3542
0.25664 0.415735 -0.106304 0 2.49431e-43 0.521 0.8258 -0.2158
0.196424 0.415735 -0.196424 0 2.49431e-43 0.3987 0.8258 -0.3987
0.176777 0.46194 -0.073224 0 2.49431e-43 0.3631 0.9195 -0.1504
0.384089 -0.277785 -0.159095 0 2.49431e-43 0.7716 -0.55 -0.3196
0.293969 -0.277785 -0.293969 0 2.49431e-43 0.5905 -0.55 -0.5905
0.426777 -0.191342 -0.176777 0 2.49431e-43 0.8552 -0.3784 -0.3542
0.326641 0.353553 -0.135299 0 2.49431e-43 0.6588 0.701 -0.2729
0.25 0.353553 -0.25 0 2.49431e-43 0.5042 0.701 -0.5042
0.25664 0.415735 -0.106304 0 2.49431e-43 0.521 0.8258 -0.2158
0.326641 -0.353553 -0.135299 0 2.49431e-43 0.6588 -0.701 -0.2729
0.25 -0.353553 -0.25 0 2.49431e-43 0.5042 -0.701 -0.5042
0.384089 -0.277785 -0.159095 0 2.49431e-43 0.7716 -0.55 -0.3196
0.293969 0.277785 -0.293969 0 2.49431e-43 0.5905 0.55 -0.5905
0.25 0.353553 -0.25 0 2.49431e-43 0.5042 0.701 -0.5042
0.384089 0.277785 -0.159095 0 2.49431e-43 0.7716 0.55 -0.3196
0.196424 -0.415735 -0.196424 0 2.49431e-43 0.3987 -0.8258 -0.3987
0.25 -0.353553 -0.25 0 2.49431e-43 0.5042 -0.701 -0.5042
0.25664 -0.415735 -0.106304 0 2.49431e-43 0.521 -0.8258 -0.2158
0.426777 0.191342 -0.176777 0 2.49431e-43 0.8552 0.3784 -0.3542
0.326641 0.191342 -0.326641 0 2.49431e-43 0.6545 0.3784 -0.6545
0.384089 0.277785 -0.159095 0 2.49431e-43 0.7716 0.55 -0.3196
0.196424 0.415735 -0.196424 0 2.49431e-43 0.3987 0.8258 -0.3987
0.106304 0.415735 -0.25664 0 2.49431e-43 0.2158 0.8258 -0.521
0.135299 0.46194 -0.135299 0 2.49431e-43 0.2779 0.9195 -0.2779
0.293969 -0.277785 -0.293969 0 2.49431e-43 0.5905 -0.55 -0.5905
0.159095 -0.277785 -0.384089 0 2.49431e-43 0.3196 -0.55 -0.7716
0.326641 -0.191342 -0.326641 0 2.49431e-43 0.6545 -0.3784 -0.6545
0.25 0.353553 -0.25 0 2.49431e-43 0.5042 0.701 -0.5042
0.135299 0.353553 -0.326641 0 2.49431e-43 0.2729 0.701 -0.6588
0.196424 0.415735 -0.196424 0 2.49431e-43 0.3987 0.8258 -0.3987
0.25 -0.353553 -0.25 0 2.49431e-43 0.5042 -0.701 -0.5042
0.135299 -0.353553 -0.326641 0 2.49431e-43 0.2729 -0.701 -0.6588
0.293969 -0.277785 -0.293969 0 2.49431e-43 0.5905 -0.55 -0.5905
0.159095 0.277785 -0.384089 0 2.49431e-43 0.3196 0.55 -0.7716
0.135299 0.353553 -0.326641 0 2.49431e-43 0.2729 0.701 -0.6588
0.293969 0.277785 -0.293969 0 2.49431e-43 0.5905 0.55 -0.5905
0.106304 -0.415735 -0.25664 0 2.49431e-43 0.2158 -0.8258 -0.521
0.135299 -0.353553 -0.326641 0 2.49431e-43 0.2729 -0.701 -0.6588
0.196424 -0.415735 -0.196424 0 2.49431e-43 0.3987 -0.8258 -0.3987
0.326641 0.191342 -0.326641 0 2.49431e-43 0.6545 0.3784 -0.6545
0.176777 0.191342 -0.426777 0 2.49431e-43 0.3542 0.3784 -0.8552
0.293969 0.277785 -0.293969 0 2.49431e-43 0.5905 0.55 -0.5905
0.073223 -0.46194 -0.176777 0 2.49431e-43 0.1504 -0.9195 -0.3631
0.106304 -0.415735 -0.25664 0 2.49431e-43 0.2158 -0.8258 -0.521
0.135299 -0.46194 -0.135299 0 2.49431e-43 0.2779 -0.9195 -0.2779
0.34676 0.097545 -0.34676 0 2.49431e-43 0.6938 0.1928 -0.6938
0.187665 0.097545 -0.453064 0 2.49431e-43 0.3755 0.1928 -0.9065
0.326641 0.191342 -0.326641 0 2.49431e-43 0.6545 0.3784 -0.6545
0.068975 -0.490393 -0.068975 0 2.49431e-43 0.1462 -0.9784 -0.1462
0.037329 -0.490393 -0.09012 0 2.49431e-43 0.0791 -0.9784 -0.191
0.135299 -0.46194 -0.135299 0 2.49431e-43 0.2779 -0.9195 -0.2779
0.191342 0 -0.46194 0 2.49431e-43 0.3827 0 -0.9239
0.187665 0.097545 -0.453064 0 2.49431e-43 0.3755 0.1928 -0.9065
0.353553 0 -0.353554 0 2.49431e-43 0.7071 0 -0.7071
0.037329 0.490393 -0.09012 0 2.49431e-43 0.0791 0.9784 -0.191
-0 0.5 -0 0 2.49431e-43 0 1 -0
0.068975 0.490393 -0.068975 0 2.49431e-43 0.1462 0.9784 -0.1462
0.037329 -0.490393 -0.09012 0 2.49431e-43 0.0791 -0.9784 -0.191
0.068975 -0.490393 -0.068975 0 2.49431e-43 0.1462 -0.9784 -0.1462
0 -0.5 -0 0 2.49431e-43 0 -1 -0
0.34676 -0.097545 -0.34676 0 2.49431e-43 0.6938 -0.1928 -0.6938
0.187665 -0.097545 -0.453064 0 2.49431e-43 0.3755 -0.1928 -0.9065
0.353553 0 -0.353554 0 2.49431e-43 0.7071 0 -0.7071
0.135299 0.46194 -0.135299 0 2.49431e-43 0.2779 0.9195 -0.2779
0.073223 0.46194 -0.176777 0 2.49431e-43 0.1504 0.9195 -0.3631
0.068975 0.490393 -0.068975 0 2.49431e-43 0.1462 0.9784 -0.1462
0.176777 -0.191342 -0.426777 0 2.49431e-43 0.3542 -0.3784 -0.8552
0.187665 -0.097545 -0.453064 0 2.49431e-43 0.3755 -0.1928 -0.9065
0.326641 -0.191342 -0.326641 0 2.49431e-43 0.6545 -0.3784 -0.6545
0.187665 0.097545 -0.453064 0 2.49431e-43 0.3755 0.1928 -0.9065
-0 0.097545 -0.490393 0 2.49431e-43 0 0.1928 -0.9812
0.176777 0.191342 -0.426777 0 2.49431e-43 0.3542 0.3784 -0.8552
0.037329 -0.490393 -0.09012 0 2.49431e-43 0.0791 -0.9784 -0.191
-0 -0.490393 -0.097545 0 2.49431e-43 0 -0.9784 -0.2068
0.073223 -0.46194 -0.176777 0 2.49431e-43 0.1504 -0.9195 -0.3631
-0 0 -0.5 0 2.49431e-43 0 0 -1
-0 0.097545 -0.490393 0 2.49431e-43 0 0.1928 -0.9812
0.191342 0 -0.46194 0 2.49431e-43 0.3827 0 -0.9239
-0 0.490393 -0.097545 0 2.49431e-43 0 0.9784 -0.2068
-0 0.5 -0 0 2.49431e-43 0 1 -0
0.037329 0.490393 -0.09012 0 2.49431e-43 0.0791 0.9784 -0.191
-0 -0.490393 -0.097545 0 2.49431e-43 0 -0.9784 -0.2068
0.037329 -0.490393 -0.09012 0 2.49431e-43 0.0791 -0.9784 -0.191
0 -0.5 -0 0 2.49431e-43 0 -1 -0
0.187665 -0.097545 -0.453064 0 2.49431e-43 0.3755 -0.1928 -0.9065
-0 -0.097545 -0.490393 0 2.49431e-43 0 -0.1928 -0.9812
0.191342 0 -0.46194 0 2.49431e-43 0.3827 0 -0.9239
0.073223 0.46194 -0.176777 0 2.49431e-43 0.1504 0.9195 -0.3631
-0 0.46194 -0.191342 0 2.49431e-43 0 0.9195 -0.393
0.037329 0.490393 -0.09012 0 2.49431e-43 0.0791 0.9784 -0.191
-0 -0.191342 -0.46194 0 2.49431e-43 0 -0.3784 -0.9256
-0 -0.097545 -0.490393 0 2.49431e-43 0 -0.1928 -0.9812
0.176777 -0.191342 -0.426777 0 2.49431e-43 0.3542 -0.3784 -0.8552
0.106304 0.415735 -0.25664 0 2.49431e-43 0.2158 0.8258 -0.521
-0 0.415735 -0.277785 0 2.49431e-43 0 0.8258 -0.5639
0.073223 0.46194 -0.176777 0 2.49431e-43 0.1504 0.9195 -0.3631
0.159095 -0.277785 -0.384089 0 2.49431e-43 0.3196 -0.55 -0.7716
-0 -0.277785 -0.415735 0 2.49431e-43 0 -0.55 -0.8351
0.176777 -0.191342 -0.426777 0 2.49431e-43 0.3542 -0.3784 -0.8552
0.135299 0.353553 -0.326641 0 2.49431e-43 0.2729 0.701 -0.6588
-0 0.353553 -0.353554 0 2.49431e-43 0 0.701 -0.7131
0.106304 0.415735 -0.25664 0 2.49431e-43 0.2158 0.8258 -0.521
0.135299 -0.353553 -0.326641 0 2.49431e-43 0.2729 -0.701 -0.6588
-0 -0.353553 -0.353554 0 2.49431e-43 0 -0.701 -0.7131
0.159095 -0.277785 -0.384089 0 2.49431e-43 0.3196 -0.55 -0.7716
-0 0.277785 -0.415735 0 2.49431e-43 0 0.55 -0.8351
-0 0.353553 -0.353554 0 2.49431e-43 0 0.701 -0.7131
0.159095 0.277785 -0.384089 0 2.49431e-43 0.3196 0.55 -0.7716
-0 -0.415735 -0.277785 0 2.49431e-43 0 -0.8258 -0.5639
-0 -0.353553 -0.353554 0 2.49431e-43 0 -0.701 -0.7131
0.106304 -0.415735 -0.25664 0 2.49431e-43 0.2158 -0.8258 -0.521
0.176777 0.191342 -0.426777 0 2.49431e-43 0.3542 0.3784 -0.8552
-0 0.191342 -0.46194 0 2.49431e-43 0 0.3784 -0.9256
0.159095 0.277785 -0.384089 0 2.49431e-43 0.3196 0.55 -0.7716
-0 -0.46194 -0.191342 0 2.49431e-43 0 -0.9195 -0.393
-0 -0.415735 -0.277785 0 2.49431e-43 0 -0.8258 -0.5639
0.073223 -0.46194 -0.176777 0 2.49431e-43 0.1504 -0.9195 -0.3631
-0.159095 -0.277785 -0.384089 0 2.49431e-43 -0.3196 -0.55 -0.7716
-0.176777 -0.191342 -0.426777 0 2.49431e-43 -0.3542 -0.3784 -0.8552
-0 -0.277785 -0.415735 0 2.49431e-43 0 -0.55 -0.8351
-0 0.353553 -0.353554 0 2.49431e-43 0 0.701 -0.7131
-0.135299 0.353553 -0.326641 0 2.49431e-43 -0.2729 0.701 -0.6588
-0 0.415735 -0.277785 0 2.49431e-43 0 0.8258 -0.5639
-0 -0.353553 -0.353554 0 2.49431e-43 0 -0.701 -0.7131
-0.135299 -0.353553 -0.326641 0 2.49431e-43 -0.2729 -0.701 -0.6588
-0 -0.277785 -0.415735 0 2.49431e-43 0 -0.55 -0.8351
-0.159095 0.277785 -0.384089 0 2.49431e-43 -0.3196 0.55 -0.7716
-0.135299 0.353553 -0.326641 0 2.49431e-43 -0.2729 0.701 -0.6588
-0 0.277785 -0.415735 0 2.49431e-43 0 0.55 -0.8351
-0.106304 -0.415735 -0.25664 0 2.49431e-43 -0.2158 -0.8258 -0.521
-0.135299 -0.353553 -0.326641 0 2.49431e-43 -0.2729 -0.701 -0.6588
-0 -0.415735 -0.277785 0 2.49431e-43 0 -0.8258 -0.5639
-0 0.191342 -0.46194 0 2.49431e-43 0 0.3784 -0.9256
-0.176777 0.191342 -0.426777 0 2.49431e-43 -0.3542 0.3784 -0.8552
-0 0.277785 -0.415735 0 2.49431e-43 0 0.55 -0.8351
-0.073223 -0.46194 -0.176777 0 2.49431e-43 -0.1504 -0.9195 -0.3631
-0.106304 -0.415735 -0.25664 0 2.49431e-43 -0.2158 -0.8258 -0.521
-0 -0.46194 -0.191342 0 2.49431e-43 0 -0.9195 -0.393
-0 0.097545 -0.490393 0 2.49431e-43 0 0.1928 -0.9812
-0.187665 0.097545 -0.453064 0 2.49431e-43 -0.3755 0.1928 -0.9065
-0 0.191342 -0.46194 0 2.49431e-43 0 0.3784 -0.9256
-0 -0.490393 -0.097545 0 2.49431e-43 0 -0.9784 -0.2068
-0.037329 -0.490393 -0.09012 0 2.49431e-43 -0.0791 -0.9784 -0.191
-0 -0.46194 -0.191342 0 2.49431e-43 0 -0.9195 -0.393
-0.191342 0 -0.46194 0 2.49431e-43 -0.3827 0 -0.9239
-0.187665 0.097545 -0.453064 0 2.49431e-43 -0.3755 0.1928 -0.9065
-0 0 -0.5 0 2.49431e-43 0 0 -1
-0.037329 0.490393 -0.09012 0 2.49431e-43 -0.0791 0.9784 -0.191
-0 0.5 -0 0 2.49431e-43 0 1 -0
-0 0.490393 -0.097545 0 2.49431e-43 0 0.9784 -0.2068
-0.037329 -0.490393 -0.09012 0 2.49431e-43 -0.0791 -0.9784 -0.191
-0 -0.490393 -0.097545 0 2.49431e-43 0 -0.9784 -0.2068
0 -0.5 -0 0 2.49431e-43 0 -1 -0
-0 -0.097545 -0.490393 0 2.49431e-43 0 -0.1928 -0.9812
-0.187665 -0.097545 -0.453064 0 2.49431e-43 -0.3755 -0.1928 -0.9065
-0 0 -0.5 0 2.49431e-43 0 0 -1
-0 0.46194 -0.191342 0 2.49431e-43 0 0.9195 -0.393
-0.073223 0.46194 -0.176777 0 2.49431e-43 -0.1504 0.9195 -0.3631
-0 0.490393 -0.097545 0 2.49431e-43 0 0.9784 -0.2068
-0.176777 -0.191342 -0.426777 0 2.49431e-43 -0.3542 -0.3784 -0.8552
-0.187665 -0.097545 -0.453064 0 2.49431e-43 -0.3755 -0.1928 -0.9065
-0 -0.191342 -0.46194 0 2.49431e-43 0 -0.3784 -0.9256
-0 0.415735 -0.277785 0 2.49431e-43 0 0.8258 -0.5639
-0.106304 0.415735 -0.25664 0 2.49431e-43 -0.2158 0.8258 -0.521
-0 0.46194 -0.191342 0 2.49431e-43 0 0.9195 -0.393
-0.037329 -0.490393 -0.09012 0 2.49431e-43 -0.0791 -0.9784 -0.191
-0.068975 -0.490393 -0.068975 0 2.49431e-43 -0.1462 -0.9784 -0.1462
-0.073223 -0.46194 -0.176777 0 2.49431e-43 -0.1504 -0.9195 -0.3631
-0.353554 0 -0.353553 0 2.49431e-43 -0.7071 0 -0.7071
-0.34676 0.097545 -0.34676 0 2.49431e-43 -0.6938 0.1928 -0.6938
-0.191342 0 -0.46194 0 2.49431e-43 -0.3827 0 -0.9239
-0.068975 0.490393 -0.068975 0 2.49431e-43 -0.1462 0.9784 -0.1462
-0 0.5 -0 0 2.49431e-43 0 1 -0
-0.037329 0.490393 -0.09012 0 2.49431e-43 -0.0791 0.9784 -0.191
-0.068975 -0.490393 -0.068975 0 2.49431e-43 -0.1462 -0.9784 -0.1462
-0.037329 -0.490393 -0.09012 0 2.49431e-43 -0.0791 -0.9784 -0.191
0 -0.5 -0 0 2.49431e-43 0 -1 -0
-0.187665 -0.097545 -0.453064 0 2.49431e-43 -0.3755 -0.1928 -0.9065
-0.34676 -0.097545 -0.34676 0 2.49431e-43 -0.6938 -0.1928 -0.6938
-0.191342 0 -0.46194 0 2.49431e-43 -0.3827 0 -0.9239
-0.073223 0.46194 -0.176777 0 2.49431e-43 -0.1504 0.9195 -0.3631
-0.135299 0.46194 -0.135299 0 2.49431e-43 -0.2779 0.9195 -0.2779
-0.037329 0.490393 -0.09012 0 2.49431e-43 -0.0791 0.9784 -0.191
-0.326641 -0.191342 -0.326641 0 2.49431e-43 -0.6545 -0.3784 -0.6545
-0.34676 -0.097545 -0.34676 0 2.49431e-43 -0.6938 -0.1928 -0.6938
-0.176777 -0.191342 -0.426777 0 2.49431e-43 -0.3542 -0.3784 -0.8552
-0.106304 0.415735 -0.25664 0 2.49431e-43 -0.2158 0.8258 -0.521
-0.196424 0.415735 -0.196424 0 2.49431e-43 -0.3987 0.8258 -0.3987
-0.073223 0.46194 -0.176777 0 2.49431e-43 -0.1504 0.9195 -0.3631
-0.293969 -0.277785 -0.293969 0 2.49431e-43 -0.5905 -0.55 -0.5905
-0.326641 -0.191342 -0.326641 0 2.49431e-43 -0.6545 -0.3784 -0.6545
-0.159095 -0.277785 -0.384089 0 2.49431e-43 -0.3196 -0.55 -0.7716
-0.135299 0.353553 -0.326641 0 2.49431e-43 -0.2729 0.701 -0.6588
-0.25 0.353553 -0.25 0 2.49431e-43 -0.5042 0.701 -0.5042
-0.106304 0.415735 -0.25664 0 2.49431e-43 -0.2158 0.8258 -0.521
-0.135299 -0.353553 -0.326641 0 2.49431e-43 -0.2729 -0.701 -0.6588
-0.25 -0.353553 -0.25 0 2.49431e-43 -0.5042 -0.701 -0.5042
-0.159095 -0.277785 -0.384089 0 2.49431e-43 -0.3196 -0.55 -0.7716
-0.293969 0.277785 -0.293969 0 2.49431e-43 -0.5905 0.55 -0.5905
-0.25 0.353553 -0.25 0 2.49431e-43 -0.5042 0.701 -0.5042
-0.159095 0.277785 -0.384089 0 2.49431e-43 -0.3196 0.55 -0.7716
-0.196424 -0.415735 -0.196424 0 2.49431e-43 -0.3987 -0.8258 -0.3987
-0.25 -0.353553 -0.25 0 2.49431e-43 -0.5042 -0.701 -0.5042
-0.106304 -0.415735 -0.25664 0 2.49431e-43 -0.2158 -0.8258 -0.521
-0.176777 0.191342 -0.426777 0 2.49431e-43 -0.3542 0.3784 -0.8552
-0.326641 0.191342 -0.326641 0 2.49431e-43 -0.6545 0.3784 -0.6545
-0.159095 0.277785 -0.384089 0 2.49431e-43 -0.3196 0.55 -0.7716
-0.135299 -0.46194 -0.135299 0 2.49431e-43 -0.2779 -0.9195 -0.2779
-0.196424 -0.415735 -0.196424 0 2.49431e-43 -0.3987 -0.8258 -0.3987
-0.073223 -0.46194 -0.176777 0 2.49431e-43 -0.1504 -0.9195 -0.3631
-0.187665 0.097545 -0.453064 0 2.49431e-43 -0.3755 0.1928 -0.9065
-0.34676 0.097545 -0.34676 0 2.49431e-43 -0.6938 0.1928 -0.6938
-0.176777 0.191342 -0.426777 0 2.49431e-43 -0.3542 0.3784 -0.8552
-0.25 0.353553 -0.25 0 2.49431e-43 -0.5042 0.701 -0.5042
-0.326641 0.353553 -0.135299 0 2.49431e-43 -0.6588 0.701 -0.2729
-0.196424 0.415735 -0.196424 0 2.49431e-43 -0.3987 0.8258 -0.3987
-0.25 -0.353553 -0.25 0 2.49431e-43 -0.5042 -0.701 -0.5042
-0.326641 -0.353553 -0.135299 0 2.49431e-43 -0.6588 -0.701 -0.2729
-0.293969 -0.277785 -0.293969 0 2.49431e-43 -0.5905 -0.55 -0.5905
-0.384089 0.277785 -0.159095 0 2.49431e-43 -0.7716 0.55 -0.3196
-0.326641 0.353553 -0.135299 0 2.49431e-43 -0.6588 0.701 -0.2729
-0.293969 0.277785 -0.293969 0 2.49431e-43 -0.5905 0.55 -0.5905
-0.25664 -0.415735 -0.106304 0 2.49431e-43 -0.521 -0.8258 -0.2158
-0.326641 -0.353553 -0.135299 0 2.49431e-43 -0.6588 -0.701 -0.2729
-0.196424 -0.415735 -0.196424 0 2.49431e-43 -0.3987 -0.8258 -0.3987
-0.326641 0.191342 -0.326641 0 2.49431e-43 -0.6545 0.3784 -0.6545
-0.426777 0.191342 -0.176777 0 2.49431e-43 -0.8552 0.3784 -0.3542
-0.293969 0.277785 -0.293969 0 2.49431e-43 -0.5905 0.55 -0.5905
-0.176777 -0.46194 -0.073223 0 2.49431e-43 -0.3631 -0.9195 -0.1504
-0.25664 -0.415735 -0.106304 0 2.49431e-43 -0.521 -0.8258 -0.2158
-0.135299 -0.46194 -0.135299 0 2.49431e-43 -0.2779 -0.9195 -0.2779
-0.34676 0.097545 -0.34676 0 2.49431e-43 -0.6938 0.1928 -0.6938
-0.453064 0.097545 -0.187665 0 2.49431e-43 -0.9065 0.1928 -0.3755
-0.326641 0.191342 -0.326641 0 2.49431e-43 -0.6545 0.3784 -0.6545
-0.068975 -0.490393 -0.068975 0 2.49431e-43 -0.1462 -0.9784 -0.1462
-0.09012 -0.490393 -0.037329 0 2.49431e-43 -0.191 -0.9784 -0.0791
-0.135299 -0.46194 -0.135299 0 2.49431e-43 -0.2779 -0.9195 -0.2779
-0.46194 0 -0.191342 0 2.49431e-43 -0.9239 0 -0.3827
-0.453064 0.097545 -0.187665 0 2.49431e-43 -0.9065 0.1928 -0.3755
-0.353554 0 -0.353553 0 2.49431e-43 -0.7071 0 -0.7071
-0.09012 0.490393 -0.037329 0 2.49431e-43 -0.191 0.9784 -0.0791
-0 0.5 -0 0 2.49431e-43 0 1 -0
-0.068975 0.490393 -0.068975 0 2.49431e-43 -0.1462 0.9784 -0.1462
-0.09012 -0.490393 -0.037329 0 2.49431e-43 -0.191 -0.9784 -0.0791
-0.068975 -0.490393 -0.068975 0 2.49431e-43 -0.1462 -0.9784 -0.1462
0 -0.5 -0 0 2.49431e-43 0 -1 -0
-0.34676 -0.097545 -0.34676 0 2.49431e-43 -0.6938 -0.1928 -0.6938
-0.453064 -0.097545 -0.187665 0 2.49431e-43 -0.9065 -0.1928 -0.3755
-0.353554 0 -0.353553 0 2.49431e-43 -0.7071 0 -0.7071
-0.135299 0.46194 -0.135299 0 2.49431e-43 -0.2779 0.9195 -0.2779
-0.176777 0.46194 -0.073223 0 2.49431e-43 -0.3631 0.9195 -0.1504
-0.068975 0.490393 -0.068975 0 2.49431e-43 -0.1462 0.9784 -0.1462
-0.426777 -0.191342 -0.176777 0 2.49431e-43 -0.8552 -0.3784 -0.3542
-0.453064 -0.097545 -0.187665 0 2.49431e-43 -0.9065 -0.1928 -0.3755
-0.326641 -0.191342 -0.326641 0 2.49431e-43 -0.6545 -0.3784 -0.6545
-0.25664 0.415735 -0.106304 0 2.49431e-43 -0.521 0.8258 -0.2158
-0.176777 0.46194 -0.073223 0 2.49431e-43 -0.3631 0.9195 -0.1504
-0.196424 0.415735 -0.196424 0 2.49431e-43 -0.3987 0.8258 -0.3987
-0.384089 -0.277785 -0.159095 0 2.49431e-43 -0.7716 -0.55 -0.3196
-0.426777 -0.191342 -0.176777 0 2.49431e-43 -0.8552 -0.3784 -0.3542
-0.293969 -0.277785 -0.293969 0 2.49431e-43 -0.5905 -0.55 -0.5905
-0.5 0 0 0 2.49431e-43 -1 0 -0
-0.490393 0.097545 -0 0 2.49431e-43 -0.9812 0.1928 -0
-0.46194 0 -0.191342 0 2.49431e-43 -0.9239 0 -0.3827
-0.097545 0.490393 -0 0 2.49431e-43 -0.2068 0.9784 -0
-0 0.5 -0 0 2.49431e-43 0 1 -0
-0.09012 0.490393 -0.037329 0 2.49431e-43 -0.191 0.9784 -0.0791
-0.097545 -0.490393 -0 0 2.49431e-43 -0.2068 -0.9784 -0
-0.09012 -0.490393 -0.037329 0 2.49431e-43 -0.191 -0.9784 -0.0791
0 -0.5 -0 0 2.49431e-43 0 -1 -0
-0.453064 -0.097545 -0.187665 0 2.49431e-43 -0.9065 -0.1928 -0.3755
-0.490393 -0.097545 -0 0 2.49431e-43 -0.9812 -0.1928 -0
-0.46194 0 -0.191342 0 2.49431e-43 -0.9239 0 -0.3827
-0.176777 0.46194 -0.073223 0 2.49431e-43 -0.3631 0.9195 -0.1504
-0.191342 0.46194 -0 0 2.49431e-43 -0.393 0.9195 -0
-0.09012 0.490393 -0.037329 0 2.49431e-43 -0.191 0.9784 -0.0791
-0.46194 -0.191342 0 0 2.49431e-43 -0.9256 -0.3784 -0
-0.490393 -0.097545 -0 0 2.49431e-43 -0.9812 -0.1928 -0
-0.426777 -0.191342 -0.176777 0 2.49431e-43 -0.8552 -0.3784 -0.3542
-0.277785 0.415735 -0 0 2.49431e-43 -0.5639 0.8258 -0
-0.191342 0.46194 -0 0 2.49431e-43 -0.393 0.9195 -0
-0.25664 0.415735 -0.106304 0 2.49431e-43 -0.521 0.8258 -0.2158
-0.415735 -0.277785 0 0 2.49431e-43 -0.8351 -0.55 -0
-0.46194 -0.191342 0 0 2.49431e-43 -0.9256 -0.3784 -0
-0.384089 -0.277785 -0.159095 0 2.49431e-43 -0.7716 -0.55 -0.3196
-0.326641 0.353553 -0.135299 0 2.49431e-43 -0.6588 0.701 -0.2729
-0.353553 0.353553 -0 0 2.49431e-43 -0.7131 0.701 -0
-0.25664 0.415735 -0.106304 0 2.49431e-43 -0.521 0.8258 -0.2158
-0.326641 -0.353553 -0.135299 0 2.49431e-43 -0.6588 -0.701 -0.2729
-0.353553 -0.353553 -0 0 2.49431e-43 -0.7131 -0.701 -0
-0.384089 -0.277785 -0.159095 0 2.49431e-43 -0.7716 -0.55 -0.3196
-0.415735 0.277785 0 0 2.49431e-43 -0.8351 0.55 -0
-0.353553 0.353553 -0 0 2.49431e-43 -0.7131 0.701 -0
-0.384089 0.277785 -0.159095 0 2.49431e-43 -0.7716 0.55 -0.3196
-0.277785 -0.415735 -0 0 2.49431e-43 -0.5639 -0.8258 -0
-0.353553 -0.353553 -0 0 2.49431e-43 -0.7131 -0.701 -0
-0.25664 -0.415735 -0.106304 0 2.49431e-43 -0.521 -0.8258 -0.2158
-0.426777 0.191342 -0.176777 0 2.49431e-43 -0.8552 0.3784 -0.3542
-0.46194 0.191342 0 0 2.49431e-43 -0.9256 0.3784 -0
-0.384089 0.277785 -0.159095 0 2.49431e-43 -0.7716 0.55 -0.3196
-0.191342 -0.46194 -0 0 2.49431e-43 -0.393 -0.9195 -0
-0.277785 -0.415735 -0 0 2.49431e-43 -0.5639 -0.8258 -0
-0.176777 -0.46194 -0.073223 0 2.49431e-43 -0.3631 -0.9195 -0.1504
-0.453064 0.097545 -0.187665 0 2.49431e-43 -0.9065 0.1928 -0.3755
-0.490393 0.097545 -0 0 2.49431e-43 -0.9812 0.1928 -0
-0.426777 0.191342 -0.176777 0 2.49431e-43 -0.8552 0.3784 -0.3542
-0.09012 -0.490393 -0.037329 0 2.49431e-43 -0.191 -0.9784 -0.0791
-0.097545 -0.490393 -0 0 2.49431e-43 -0.2068 -0.9784 -0
-0.176777 -0.46194 -0.073223 0 2.49431e-43 -0.3631 -0.9195 -0.1504
-0.353553 -0.353553 -0 0 2.49431e-43 -0.7131 -0.701 -0
-0.326641 -0.353553 0.135299 0 2.49431e-43 -0.6588 -0.701 0.2729
-0.415735 -0.277785 0 0 2.49431e-43 -0.8351 -0.55 -0
-0.384089 0.277785 0.159095 0 2.49431e-43 -0.7716 0.55 0.3196
-0.326641 0.353553 0.135299 0 2.49431e-43 -0.6588 0.701 0.2729
-0.415735 0.277785 0 0 2.49431e-43 -0.8351 0.55 -0
-0.25664 -0.415735 0.106304 0 2.49431e-43 -0.521 -0.8258 0.2158
-0.326641 -0.353553 0.135299 0 2.49431e-43 -0.6588 -0.701 0.2729
-0.277785 -0.415735 -0 0 2.49431e-43 -0.5639 -0.8258 -0
-0.46194 0.191342 0 0 2.49431e-43 -0.9256 0.3784 -0
-0.426777 0.191342 0.176777 0 2.49431e-43 -0.8552 0.3784 0.3542
-0.415735 0.277785 0 0 2.49431e-43 -0.8351 0.55 -0
-0.176777 -0.46194 0.073223 0 2.49431e-43 -0.3631 -0.9195 0.1504
-0.25664 -0.415735 0.106304 0 2.49431e-43 -0.521 -0.8258 0.2158
-0.191342 -0.46194 -0 0 2.49431e-43 -0.393 -0.9195 -0
-0.490393 0.097545 -0 0 2.49431e-43 -0.9812 0.1928 -0
-0.453064 0.097545 0.187665 0 2.49431e-43 -0.9065 0.1928 0.3755
-0.46194 0.191342 0 0 2.49431e-43 -0.9256 0.3784 -0
-0.097545 -0.490393 -0 0 2.49431e-43 -0.2068 -0.9784 -0
-0.09012 -0.490393 0.037329 0 2.49431e-43 -0.191 -0.9784 0.0791
-0.191342 -0.46194 -0 0 2.49431e-43 -0.393 -0.9195 -0
-0.46194 0 0.191342 0 2.49431e-43 -0.9239 0 0.3827
-0.453064 0.097545 0.187665 0 2.49431e-43 -0.9065 0.1928 0.3755
-0.5 0 0 0 2.49431e-43 -1 0 -0
-0.09012 0.490393 0.037329 0 2.49431e-43 -0.191 0.9784 0.0791
-0 0.5 -0 0 2.49431e-43 0 1 -0
-0.097545 0.490393 -0 0 2.49431e-43 -0.2068 0.9784 -0
-0.09012 -0.490393 0.037329 0 2.49431e-43 -0.191 -0.9784 0.0791
-0.097545 -0.490393 -0 0 2.49431e-43 -0.2068 -0.9784 -0
0 -0.5 -0 0 2.49431e-43 0 -1 -0
-0.490393 -0.097545 -0 0 2.49431e-43 -0.9812 -0.1928 -0
-0.453064 -0.097545 0.187665 0 2.49431e-43 -0.9065 -0.1928 0.3755
-0.5 0 0 0 2.49431e-43 -1 0 -0
-0.191342 0.46194 -0 0 2.49431e-43 -0.393 0.9195 -0
-0.176777 0.46194 0.073223 0 2.49431e-43 -0.3631 0.9195 0.1504
-0.097545 0.490393 -0 0 2.49431e-43 -0.2068 0.9784 -0
-0.426777 -0.191342 0.176777 0 2.49431e-43 -0.8552 -0.3784 0.3542
-0.453064 -0.097545 0.187665 0 2.49431e-43 -0.9065 -0.1928 0.3755
-0.46194 -0.191342 0 0 2.49431e-43 -0.9256 -0.3784 -0
-0.25664 0.415735 0.106304 0 2.49431e-43 -0.521 0.8258 0.2158
-0.176777 0.46194 0.073223 0 2.49431e-43 -0.3631 0.9195 0.1504
-0.277785 0.415735 -0 0 2.49431e-43 -0.5639 0.8258 -0
-0.384089 -0.277785 0.159095 0 2.49431e-43 -0.7716 -0.55 0.3196
-0.426777 -0.191342 0.176777 0 2.49431e-43 -0.8552 -0.3784 0.3542
-0.415735 -0.277785 0 0 2.49431e-43 -0.8351 -0.55 -0
-0.353553 0.353553 -0 0 2.49431e-43 -0.7131 0.701 -0
-0.326641 0.353553 0.135299 0 2.49431e-43 -0.6588 0.701 0.2729
-0.277785 0.415735 -0 0 2.49431e-43 -0.5639 0.8258 -0
-0.068975 -0.490393 0.068975 0 2.49431e-43 -0.1462 -0.9784 0.1462
-0.09012 -0.490393 0.037329 0 2.49431e-43 -0.191 -0.9784 0.0791
0 -0.5 -0 0 2.49431e-43 0 -1 -0
-0.453064 -0.097545 0.187665 0 2.49431e-43 -0.9065 -0.1928 0.3755
-0.34676 -0.097545 0.34676 0 2.49431e-43 -0.6938 -0.1928 0.6938
-0.46194 0 0.191342 0 2.49431e-43 -0.9239 0 0.3827
-0.176777 0.46194 0.073223 0 2.49431e-43 -0.3631 0.9195 0.1504
-0.135299 0.46194 0.135299 0 2.49431e-43 -0.2779 0.9195 0.2779
-0.09012 0.490393 0.037329 0 2.49431e-43 -0.191 0.9784 0.0791
-0.326641 -0.191342 0.326641 0 2.49431e-43 -0.6545 -0.3784 0.6545
-0.34676 -0.097545 0.34676 0 2.49431e-43 -0.6938 -0.1928 0.6938
-0.426777 -0.191342 0.176777 0 2.49431e-43 -0.8552 -0.3784 0.3542
-0.196424 0.415735 0.196424 0 2.49431e-43 -0.3987 0.8258 0.3987
-0.135299 0.46194 0.135299 0 2.49431e-43 -0.2779 0.9195 0.2779
-0.25664 0.415735 0.106304 0 2.49431e-43 -0.521 0.8258 0.2158
-0.293969 -0.277785 0.293969 0 2.49431e-43 -0.5905 -0.55 0.5905
-0.326641 -0.191342 0.326641 0 2.49431e-43 -0.6545 -0.3784 0.6545
-0.384089 -0.277785 0.159095 0 2.49431e-43 -0.7716 -0.55 0.3196
-0.326641 0.353553 0.135299 0 2.49431e-43 -0.6588 0.701 0.2729
-0.25 0.353553 0.25 0 2.49431e-43 -0.5042 0.701 0.5042
-0.25664 0.415735 0.106304 0 2.49431e-43 -0.521 0.8258 0.2158
-0.326641 -0.353553 0.135299 0 2.49431e-43 -0.6588 -0.701 0.2729
-0.25 -0.353553 0.25 0 2.49431e-43 -0.5042 -0.701 0.5042
-0.384089 -0.277785 0.159095 0 2.49431e-43 -0.7716 -0.55 0.3196
-0.293969 0.277785 0.293969 0 2.49431e-43 -0.5905 0.55 0.5905
-0.25 0.353553 0.25 0 2.49431e-43 -0.5042 0.701 0.5042
-0.384089 0.277785 0.159095 0 2.49431e-43 -0.7716 0.55 0.3196
-0.196424 -0.415735 0.196424 0 2.49431e-43 -0.3987 -0.8258 0.3987
-0.25 -0.353553 0.25 0 2.49431e-43 -0.5042 -0.701 0.5042
-0.25664 -0.415735 0.106304 0 2.49431e-43 -0.521 -0.8258 0.2158
-0.426777 0.191342 0.176777 0 2.49431e-43 -0.8552 0.3784 0.3542
-0.326641 0.191342 0.326641 0 2.49431e-43 -0.6545 0.3784 0.6545
-0.384089 0.277785 0.159095 0 2.49431e-43 -0.7716 0.55 0.3196
-0.135299 -0.46194 0.135299 0 2.49431e-43 -0.2779 -0.9195 0.2779
-0.196424 -0.415735 0.196424 0 2.49431e-43 -0.3987 -0.8258 0.3987
-0.176777 -0.46194 0.073223 0 2.49431e-43 -0.3631 -0.9195 0.1504
-0.453064 0.097545 0.187665 0 2.49431e-43 -0.9065 0.1928 0.3755
-0.34676 0.097545 0.34676 0 2.49431e-43 -0.6938 0.1928 0.6938
-0.426777 0.191342 0.176777 0 2.49431e-43 -0.8552 0.3784 0.3542
-0.09012 -0.490393 0.037329 0 2.49431e-43 -0.191 -0.9784 0.0791
-0.068975 -0.490393 0.068975 0 2.49431e-43 -0.1462 -0.9784 0.1462
-0.176777 -0.46194 0.073223 0 2.49431e-43 -0.3631 -0.9195 0.1504
-0.353553 0 0.353553 0 2.49431e-43 -0.7071 0 0.7071
-0.34676 0.097545 0.34676 0 2.49431e-43 -0.6938 0.1928 0.6938
-0.46194 0 0.191342 0 2.49431e-43 -0.9239 0 0.3827
-0.068975 0.490393 0.068975 0 2.49431e-43 -0.1462 0.9784 0.1462
-0 0.5 -0 0 2.49431e-43 0 1 -0
-0.09012 0.490393 0.037329 0 2.49431e-43 -0.191 0.9784 0.0791
-0.106304 -0.415735 0.25664 0 2.49431e-43 -0.2158 -0.8258 0.521
-0.135299 -0.353553 0.326641 0 2.49431e-43 -0.2729 -0.701 0.6588
-0.196424 -0.415735 0.196424 0 2.49431e-43 -0.3987 -0.8258 0.3987
-0.326641 0.191342 0.326641 0 2.49431e-43 -0.6545 0.3784 0.6545
-0.176776 0.191342 0.426777 0 2.49431e-43 -0.3542 0.3784 0.8552
-0.293969 0.277785 0.293969 0 2.49431e-43 -0.5905 0.55 0.5905
-0.135299 -0.46194 0.135299 0 2.49431e-43 -0.2779 -0.9195 0.2779
-0.073223 -0.46194 0.176777 0 2.49431e-43 -0.1504 -0.9195 0.3631
-0.196424 -0.415735 0.196424 0 2.49431e-43 -0.3987 -0.8258 0.3987
-0.34676 0.097545 0.34676 0 2.49431e-43 -0.6938 0.1928 0.6938
-0.187665 0.097545 0.453064 0 2.49431e-43 -0.3755 0.1928 0.9065
-0.326641 0.191342 0.326641 0 2.49431e-43 -0.6545 0.3784 0.6545
-0.068975 -0.490393 0.068975 0 2.49431e-43 -0.1462 -0.9784 0.1462
-0.037329 -0.490393 0.09012 0 2.49431e-43 -0.0791 -0.9784 0.191
-0.135299 -0.46194 0.135299 0 2.49431e-43 -0.2779 -0.9195 0.2779
-0.191342 0 0.46194 0 2.49431e-43 -0.3827 0 0.9239
-0.187665 0.097545 0.453064 0 2.49431e-43 -0.3755 0.1928 0.9065
-0.353553 0 0.353553 0 2.49431e-43 -0.7071 0 0.7071
-0.037329 0.490393 0.09012 0 2.49431e-43 -0.0791 0.9784 0.191
-0 0.5 -0 0 2.49431e-43 0 1 -0
-0.068975 0.490393 0.068975 0 2.49431e-43 -0.1462 0.9784 0.1462
-0.037329 -0.490393 0.09012 0 2.49431e-43 -0.0791 -0.9784 0.191
-0.068975 -0.490393 0.068975 0 2.49431e-43 -0.1462 -0.9784 0.1462
0 -0.5 -0 0 2.49431e-43 0 -1 -0
-0.34676 -0.097545 0.34676 0 2.49431e-43 -0.6938 -0.1928 0.6938
-0.187665 -0.097545 0.453064 0 2.49431e-43 -0.3755 -0.1928 0.9065
-0.353553 0 0.353553 0 2.49431e-43 -0.7071 0 0.7071
-0.135299 0.46194 0.135299 0 2.49431e-43 -0.2779 0.9195 0.2779
-0.073223 0.46194 0.176777 0 2.49431e-43 -0.1504 0.9195 0.3631
-0.068975 0.490393 0.068975 0 2.49431e-43 -0.1462 0.9784 0.1462
-0.176776 -0.191342 0.426777 0 2.49431e-43 -0.3542 -0.3784 0.8552
-0.187665 -0.097545 0.453064 0 2.49431e-43 -0.3755 -0.1928 0.9065
-0.326641 -0.191342 0.326641 0 2.49431e-43 -0.6545 -0.3784 0.6545
-0.106304 0.415735 0.25664 0 2.49431e-43 -0.2158 0.8258 0.521
-0.073223 0.46194 0.176777 0 2.49431e-43 -0.1504 0.9195 0.3631
-0.196424 0.415735 0.196424 0 2.49431e-43 -0.3987 0.8258 0.3987
-0.159095 -0.277785 0.384089 0 2.49431e-43 -0.3196 -0.55 0.7716
-0.176776 -0.191342 0.426777 0 2.49431e-43 -0.3542 -0.3784 0.8552
-0.293969 -0.277785 0.293969 0 2.49431e-43 -0.5905 -0.55 0.5905
-0.25 0.353553 0.25 0 2.49431e-43 -0.5042 0.701 0.5042
-0.135299 0.353553 0.326641 0 2.49431e-43 -0.2729 0.701 0.6588
-0.196424 0.415735 0.196424 0 2.49431e-43 -0.3987 0.8258 0.3987
-0.25 -0.353553 0.25 0 2.49431e-43 -0.5042 -0.701 0.5042
-0.135299 -0.353553 0.326641 0 2.49431e-43 -0.2729 -0.701 0.6588
-0.293969 -0.277785 0.293969 0 2.49431e-43 -0.5905 -0.55 0.5905
-0.159095 0.277785 0.384089 0 2.49431e-43 -0.3196 0.55 0.7716
-0.135299 0.353553 0.326641 0 2.49431e-43 -0.2729 0.701 0.6588
-0.293969 0.277785 0.293969 0 2.49431e-43 -0.5905 0.55 0.5905
0 0.46194 0.191342 0 2.49431e-43 0 0.9195 0.393
0 0.490393 0.097545 0 2.49431e-43 0 0.9784 0.2068
-0.073223 0.46194 0.176777 0 2.49431e-43 -0.1504 0.9195 0.3631
-0.176776 -0.191342 0.426777 0 2.49431e-43 -0.3542 -0.3784 0.8552
0 -0.191342 0.46194 0 2.49431e-43 0 -0.3784 0.9256
-0.187665 -0.097545 0.453064 0 2.49431e-43 -0.3755 -0.1928 0.9065
0 0.415735 0.277785 0 2.49431e-43 0 0.8258 0.5639
0 0.46194 0.191342 0 2.49431e-43 0 0.9195 0.393
-0.106304 0.415735 0.25664 0 2.49431e-43 -0.2158 0.8258 0.521
-0.159095 -0.277785 0.384089 0 2.49431e-43 -0.3196 -0.55 0.7716
0 -0.277785 0.415735 0 2.49431e-43 0 -0.55 0.8351
-0.176776 -0.191342 0.426777 0 2.49431e-43 -0.3542 -0.3784 0.8552
0 0.353553 0.353553 0 2.49431e-43 0 0.701 0.7131
0 0.415735 0.277785 0 2.49431e-43 0 0.8258 0.5639
-0.135299 0.353553 0.326641 0 2.49431e-43 -0.2729 0.701 0.6588
-0.135299 -0.353553 0.326641 0 2.49431e-43 -0.2729 -0.701 0.6588
0 -0.353553 0.353553 0 2.49431e-43 0 -0.701 0.7131
-0.159095 -0.277785 0.384089 0 2.49431e-43 -0.3196 -0.55 0.7716
0 0.277785 0.415735 0 2.49431e-43 0 0.55 0.8351
0 0.353553 0.353553 0 2.49431e-43 0 0.701 0.7131
-0.159095 0.277785 0.384089 0 2.49431e-43 -0.3196 0.55 0.7716
-0.106304 -0.415735 0.25664 0 2.49431e-43 -0.2158 -0.8258 0.521
0 -0.415735 0.277785 0 2.49431e-43 0 -0.8258 0.5639
-0.135299 -0.353553 0.326641 0 2.49431e-43 -0.2729 -0.701 0.6588
-0.176776 0.191342 0.426777 0 2.49431e-43 -0.3542 0.3784 0.8552
0 0.191342 0.46194 0 2.49431e-43 0 0.3784 0.9256
-0.159095 0.277785 0.384089 0 2.49431e-43 -0.3196 0.55 0.7716
-0.073223 -0.46194 0.176777 0 2.49431e-43 -0.1504 -0.9195 0.3631
0 -0.46194 0.191342 0 2.49431e-43 0 -0.9195 0.393
-0.106304 -0.415735 0.25664 0 2.49431e-43 -0.2158 -0.8258 0.521
0 0.097545 0.490392 0 2.49431e-43 0 0.1928 0.9812
0 0.191342 0.46194 0 2.49431e-43 0 0.3784 0.9256
-0.187665 0.097545 0.453064 0 2.49431e-43 -0.3755 0.1928 0.9065
-0.037329 -0.490393 0.09012 0 2.49431e-43 -0.0791 -0.9784 0.191
0 -0.490393 0.097545 0 2.49431e-43 0 -0.9784 0.2068
-0.073223 -0.46194 0.176777 0 2.49431e-43 -0.1504 -0.9195 0.3631
-0.191342 0 0.46194 0 2.49431e-43 -0.3827 0 0.9239
0 0 0.5 0 2.49431e-43 0 0 1
-0.187665 0.097545 0.453064 0 2.49431e-43 -0.3755 0.1928 0.9065
0 0.490393 0.097545 0 2.49431e-43 0 0.9784 0.2068
-0 0.5 -0 0 2.49431e-43 0 1 -0
-0.037329 0.490393 0.09012 0 2.49431e-43 -0.0791 0.9784 0.191
0 -0.490393 0.097545 0 2.49431e-43 0 -0.9784 0.2068
-0.037329 -0.490393 0.09012 0 2.49431e-43 -0.0791 -0.9784 0.191
0 -0.5 -0 0 2.49431e-43 0 -1 -0
0 -0.097545 0.490392 0 2.49431e-43 0 -0.1928 0.9812
0 0 0.5 0 2.49431e-43 0 0 1
-0.187665 -0.097545 0.453064 0 2.49431e-43 -0.3755 -0.1928 0.9065
0.106304 -0.415735 0.25664 0 2.49431e-43 0.2158 -0.8258 0.521
0 -0.415735 0.277785 0 2.49431e-43 0 -0.8258 0.5639
0 -0.46194 0.191342 0 2.49431e-43 0 -0.9195 0.393
0.176777 0.191342 0.426777 0 2.49431e-43 0.3542 0.3784 0.8552
0 0.191342 0.46194 0 2.49431e-43 0 0.3784 0.9256
0 0.097545 0.490392 0 2.49431e-43 0 0.1928 0.9812
0.073223 -0.46194 0.176777 0 2.49431e-43 0.1504 -0.9195 0.3631
0 -0.46194 0.191342 0 2.49431e-43 0 -0.9195 0.393
0 -0.490393 0.097545 0 2.49431e-43 0 -0.9784 0.2068
0.191342 0 0.46194 0 2.49431e-43 0.3827 0 0.9239
0.187665 0.097545 0.453064 0 2.49431e-43 0.3755 0.1928 0.9065
0 0.097545 0.490392 0 2.49431e-43 0 0.1928 0.9812
0.191342 0 0.46194 0 2.49431e-43 0.3827 0 0.9239
0 0 0.5 0 2.49431e-43 0 0 1
0 -0.097545 0.490392 0 2.49431e-43 0 -0.1928 0.9812
0.073223 0.46194 0.176777 0 2.49431e-43 0.1504 0.9195 0.3631
0.037329 0.490393 0.09012 0 2.49431e-43 0.0791 0.9784 0.191
0 0.490393 0.097545 0 2.49431e-43 0 0.9784 0.2068
0.176777 -0.191342 0.426777 0 2.49431e-43 0.3542 -0.3784 0.8552
0.187665 -0.097545 0.453064 0 2.49431e-43 0.3755 -0.1928 0.9065
0 -0.097545 0.490392 0 2.49431e-43 0 -0.1928 0.9812
0.106304 0.415735 0.25664 0 2.49431e-43 0.2158 0.8258 0.521
0.073223 0.46194 0.176777 0 2.49431e-43 0.1504 0.9195 0.3631
0 0.46194 0.191342 0 2.49431e-43 0 0.9195 0.393
0.176777 -0.191342 0.426777 0 2.49431e-43 0.3542 -0.3784 0.8552
0 -0.191342 0.46194 0 2.49431e-43 0 -0.3784 0.9256
0 -0.277785 0.415735 0 2.49431e-43 0 -0.55 0.8351
0.106304 0.415735 0.25664 0 2.49431e-43 0.2158 0.8258 0.521
0 0.415735 0.277785 0 2.49431e-43 0 0.8258 0.5639
0 0.353553 0.353553 0 2.49431e-43 0 0.701 0.7131
0.159095 -0.277785 0.384089 0 2.49431e-43 0.3196 -0.55 0.7716
0 -0.277785 0.415735 0 2.49431e-43 0 -0.55 0.8351
0 -0.353553 0.353553 0 2.49431e-43 0 -0.701 0.7131
0.159095 0.277785 0.384089 0 2.49431e-43 0.3196 0.55 0.7716
0.135299 0.353553 0.326641 0 2.49431e-43 0.2729 0.701 0.6588
0 0.353553 0.353553 0 2.49431e-43 0 0.701 0.7131
0.106304 -0.415735 0.25664 0 2.49431e-43 0.2158 -0.8258 0.521
0.135299 -0.353553 0.326641 0 2.49431e-43 0.2729 -0.701 0.6588
0 -0.353553 0.353553 0 2.49431e-43 0 -0.701 0.7131
0.176777 0.191342 0.426777 0 2.49431e-43 0.3542 0.3784 0.8552
0.159095 0.277785 0.384089 0 2.49431e-43 0.3196 0.55 0.7716
0 0.277785 0.415735 0 2.49431e-43 0 0.55 0.8351
0.25 0.353553 0.25 0 2.49431e-43 0.5042 0.701 0.5042
0.135299 0.353553 0.326641 0 2.49431e-43 0.2729 0.701 0.6588
0.159095 0.277785 0.384089 0 2.49431e-43 0.3196 0.55 0.7716
0.196424 -0.415735 0.196424 0 2.49431e-43 0.3987 -0.8258 0.3987
0.25 -0.353553 0.25 0 2.49431e-43 0.5042 -0.701 0.5042
0.135299 -0.353553 0.326641 0 2.49431e-43 0.2729 -0.701 0.6588
0.293969 0.277785 0.293969 0 2.49431e-43 0.5905 0.55 0.5905
0.159095 0.277785 0.384089 0 2.49431e-43 0.3196 0.55 0.7716
0.176777 0.191342 0.426777 0 2.49431e-43 0.3542 0.3784 0.8552
0.196424 -0.415735 0.196424 0 2.49431e-43 0.3987 -0.8258 0.3987
0.106304 -0.415735 0.25664 0 2.49431e-43 0.2158 -0.8258 0.521
0.073223 -0.46194 0.176777 0 2.49431e-43 0.1504 -0.9195 0.3631
0.326641 0.191342 0.326641 0 2.49431e-43 0.6545 0.3784 0.6545
0.176777 0.191342 0.426777 0 2.49431e-43 0.3542 0.3784 0.8552
0.187665 0.097545 0.453064 0 2.49431e-43 0.3755 0.1928 0.9065
0.135299 -0.46194 0.135299 0 2.49431e-43 0.2779 -0.9195 0.2779
0.073223 -0.46194 0.176777 0 2.49431e-43 0.1504 -0.9195 0.3631
0.037329 -0.490393 0.09012 0 2.49431e-43 0.0791 -0.9784 0.191
0.353554 0 0.353553 0 2.49431e-43 0.7071 0 0.7071
0.34676 0.097545 0.34676 0 2.49431e-43 0.6938 0.1928 0.6938
0.187665 0.097545 0.453064 0 2.49431e-43 0.3755 0.1928 0.9065
0.34676 -0.097545 0.34676 0 2.49431e-43 0.6938 -0.1928 0.6938
0.353554 0 0.353553 0 2.49431e-43 0.7071 0 0.7071
0.191342 0 0.46194 0 2.49431e-43 0.3827 0 0.9239
0.135299 0.46194 0.135299 0 2.49431e-43 0.2779 0.9195 0.2779
0.068975 0.490393 0.068975 0 2.49431e-43 0.1462 0.9784 0.1462
0.037329 0.490393 0.09012 0 2.49431e-43 0.0791 0.9784 0.191
0.34676 -0.097545 0.34676 0 2.49431e-43 0.6938 -0.1928 0.6938
0.187665 -0.097545 0.453064 0 2.49431e-43 0.3755 -0.1928 0.9065
0.176777 -0.191342 0.426777 0 2.49431e-43 0.3542 -0.3784 0.8552
0.196424 0.415735 0.196424 0 2.49431e-43 0.3987 0.8258 0.3987
0.135299 0.46194 0.135299 0 2.49431e-43 0.2779 0.9195 0.2779
0.073223 0.46194 0.176777 0 2.49431e-43 0.1504 0.9195 0.3631
0.293969 -0.277785 0.293969 0 2.49431e-43 0.5905 -0.55 0.5905
0.326641 -0.191342 0.326641 0 2.49431e-43 0.6545 -0.3784 0.6545
0.176777 -0.191342 0.426777 0 2.49431e-43 0.3542 -0.3784 0.8552
0.25 0.353553 0.25 0 2.49431e-43 0.5042 0.701 0.5042
0.196424 0.415735 0.196424 0 2.49431e-43 0.3987 0.8258 0.3987
0.106304 0.415735 0.25664 0 2.49431e-43 0.2158 0.8258 0.521
0.25 -0.353553 0.25 0 2.49431e-43 0.5042 -0.701 0.5042
0.293969 -0.277785 0.293969 0 2.49431e-43 0.5905 -0.55 0.5905
0.159095 -0.277785 0.384089 0 2.49431e-43 0.3196 -0.55 0.7716
0.453064 -0.097545 0.187665 0 2.49431e-43 0.9065 -0.1928 0.3755
0.46194 0 0.191342 0 2.49431e-43 0.9239 0 0.3827
0.353554 0 0.353553 0 2.49431e-43 0.7071 0 0.7071
0.176777 0.46194 0.073223 0 2.49431e-43 0.3631 0.9195 0.1504
0.09012 0.490393 0.037329 0 2.49431e-43 0.191 0.9784 0.0791
0.068975 0.490393 0.068975 0 2.49431e-43 0.1462 0.9784 0.1462
0.453064 -0.097545 0.187665 0 2.49431e-43 0.9065 -0.1928 0.3755
0.34676 -0.097545 0.34676 0 2.49431e-43 0.6938 -0.1928 0.6938
0.326641 -0.191342 0.326641 0 2.49431e-43 0.6545 -0.3784 0.6545
0.25664 0.415735 0.106304 0 2.49431e-43 0.521 0.8258 0.2158
0.176777 0.46194 0.073223 0 2.49431e-43 0.3631 0.9195 0.1504
0.135299 0.46194 0.135299 0 2.49431e-43 0.2779 0.9195 0.2779
0.384089 -0.277785 0.159095 0 2.49431e-43 0.7716 -0.55 0.3196
0.426777 -0.191342 0.176777 0 2.49431e-43 0.8552 -0.3784 0.3542
0.326641 -0.191342 0.326641 0 2.49431e-43 0.6545 -0.3784 0.6545
0.326641 0.353553 0.135299 0 2.49431e-43 0.6588 0.701 0.2729
0.25664 0.415735 0.106304 0 2.49431e-43 0.521 0.8258 0.2158
0.196424 0.415735 0.196424 0 2.49431e-43 0.3987 0.8258 0.3987
0.384089 -0.277785 0.159095 0 2.49431e-43 0.7716 -0.55 0.3196
0.293969 -0.277785 0.293969 0 2.49431e-43 0.5905 -0.55 0.5905
0.25 -0.353553 0.25 0 2.49431e-43 0.5042 -0.701 0.5042
0.384089 0.277785 0.159095 0 2.49431e-43 0.7716 0.55 0.3196
0.326641 0.353553 0.135299 0 2.49431e-43 0.6588 0.701 0.2729
0.25 0.353553 0.25 0 2.49431e-43 0.5042 0.701 0.5042
0.326641 -0.353553 0.135299 0 2.49431e-43 0.6588 -0.701 0.2729
0.25 -0.353553 0.25 0 2.49431e-43 0.5042 -0.701 0.5042
0.196424 -0.415735 0.196424 0 2.49431e-43 0.3987 -0.8258 0.3987
0.426777 0.191342 0.176777 0 2.49431e-43 0.8552 0.3784 0.3542
0.384089 0.277785 0.159095 0 2.49431e-43 0.7716 0.55 0.3196
0.293969 0.277785 0.293969 0 2.49431e-43 0.5905 0.55 0.5905
0.25664 -0.415735 0.106304 0 2.49431e-43 0.521 -0.8258 0.2158
0.196424 -0.415735 0.196424 0 2.49431e-43 0.3987 -0.8258 0.3987
0.135299 -0.46194 0.135299 0 2.49431e-43 0.2779 -0.9195 0.2779
0.453064 0.097545 0.187665 0 2.49431e-43 0.9065 0.1928 0.3755
0.426777 0.191342 0.176777 0 2.49431e-43 0.8552 0.3784 0.3542
0.326641 0.191342 0.326641 0 2.49431e-43 0.6545 0.3784 0.6545
0.09012 -0.490393 0.037329 0 2.49431e-43 0.191 -0.9784 0.0791
0.176777 -0.46194 0.073223 0 2.49431e-43 0.3631 -0.9195 0.1504
0.135299 -0.46194 0.135299 0 2.49431e-43 0.2779 -0.9195 0.2779
0.453064 0.097545 0.187665 0 2.49431e-43 0.9065 0.1928 0.3755
0.34676 0.097545 0.34676 0 2.49431e-43 0.6938 0.1928 0.6938
0.353554 0 0.353553 0 2.49431e-43 0.7071 0 0.7071
0.353554 -0.353553 -0 0 2.49431e-43 0.7131 -0.701 -0
0.326641 -0.353553 0.135299 0 2.49431e-43 0.6588 -0.701 0.2729
0.25664 -0.415735 0.106304 0 2.49431e-43 0.521 -0.8258 0.2158
0.46194 0.191342 -0 0 2.49431e-43 0.9256 0.3784 -0
0.415735 0.277785 -0 0 2.49431e-43 0.8351 0.55 -0
0.384089 0.277785 0.159095 0 2.49431e-43 0.7716 0.55 0.3196
0.277785 -0.415735 -0 0 2.49431e-43 0.5639 -0.8258 -0
0.25664 -0.415735 0.106304 0 2.49431e-43 0.521 -0.8258 0.2158
0.176777 -0.46194 0.073223 0 2.49431e-43 0.3631 -0.9195 0.1504
0.490393 0.097545 -0 0 2.49431e-43 0.9812 0.1928 -0
0.46194 0.191342 -0 0 2.49431e-43 0.9256 0.3784 -0
0.426777 0.191342 0.176777 0 2.49431e-43 0.8552 0.3784 0.3542
0.097545 -0.490393 -0 0 2.49431e-43 0.2068 -0.9784 -0
0.191342 -0.46194 -0 0 2.49431e-43 0.393 -0.9195 -0
0.176777 -0.46194 0.073223 0 2.49431e-43 0.3631 -0.9195 0.1504
0.490393 0.097545 -0 0 2.49431e-43 0.9812 0.1928 -0
0.453064 0.097545 0.187665 0 2.49431e-43 0.9065 0.1928 0.3755
0.46194 0 0.191342 0 2.49431e-43 0.9239 0 0.3827
0.490393 -0.097545 -0 0 2.49431e-43 0.9812 -0.1928 -0
0.5 0 -0 0 2.49431e-43 1 0 -0
0.46194 0 0.191342 0 2.49431e-43 0.9239 0 0.3827
0.191342 0.46194 -0 0 2.49431e-43 0.393 0.9195 -0
0.097545 0.490393 -0 0 2.49431e-43 0.2068 0.9784 -0
0.09012 0.490393 0.037329 0 2.49431e-43 0.191 0.9784 0.0791
0.490393 -0.097545 -0 0 2.49431e-43 0.9812 -0.1928 -0
0.453064 -0.097545 0.187665 0 2.49431e-43 0.9065 -0.1928 0.3755
0.426777 -0.191342 0.176777 0 2.49431e-43 0.8552 -0.3784 0.3542
0.277785 0.415735 -0 0 2.49431e-43 0.5639 0.8258 -0
0.191342 0.46194 -0 0 2.49431e-43 0.393 0.9195 -0
0.176777 0.46194 0.073223 0 2.49431e-43 0.3631 0.9195 0.1504
0.415735 -0.277785 -0 0 2.49431e-43 0.8351 -0.55 -0
0.46194 -0.191342 -0 0 2.49431e-43 0.9256 -0.3784 -0
0.426777 -0.191342 0.176777 0 2.49431e-43 0.8552 -0.3784 0.3542
0.353554 0.353553 -0 0 2.49431e-43 0.7131 0.701 -0
0.277785 0.415735 -0 0 2.49431e-43 0.5639 0.8258 -0
0.25664 0.415735 0.106304 0 2.49431e-43 0.521 0.8258 0.2158
0.415735 -0.277785 -0 0 2.49431e-43 0.8351 -0.55 -0
0.384089 -0.277785 0.159095 0 2.49431e-43 0.7716 -0.55 0.3196
0.326641 -0.353553 0.135299 0 2.49431e-43 0.6588 -0.701 0.2729
0.415735 0.277785 -0 0 2.49431e-43 0.8351 0.55 -0
0.353554 0.353553 -0 0 2.49431e-43 0.7131 0.701 -0
0.326641 0.353553 0.135299 0 2.49431e-43 0.6588 0.701 0.2729
0.453064 -0.097545 -0.187665 0 2.49431e-43 0.9065 -0.1928 -0.3755
0.490393 -0.097545 -0 0 2.49431e-43 0.9812 -0.1928 -0
0.46194 -0.191342 -0 0 2.49431e-43 0.9256 -0.3784 -0
0.25664 0.415735 -0.106304 0 2.49431e-43 0.521 0.8258 -0.2158
0.176777 0.46194 -0.073224 0 2.49431e-43 0.3631 0.9195 -0.1504
0.191342 0.46194 -0 0 2.49431e-43 0.393 0.9195 -0
0.384089 -0.277785 -0.159095 0 2.49431e-43 0.7716 -0.55 -0.3196
0.426777 -0.191342 -0.176777 0 2.49431e-43 0.8552 -0.3784 -0.3542
0.46194 -0.191342 -0 0 2.49431e-43 0.9256 -0.3784 -0
0.326641 0.353553 -0.135299 0 2.49431e-43 0.6588 0.701 -0.2729
0.25664 0.415735 -0.106304 0 2.49431e-43 0.521 0.8258 -0.2158
0.277785 0.415735 -0 0 2.49431e-43 0.5639 0.8258 -0
0.326641 -0.353553 -0.135299 0 2.49431e-43 0.6588 -0.701 -0.2729
0.384089 -0.277785 -0.159095 0 2.49431e-43 0.7716 -0.55 -0.3196
0.415735 -0.277785 -0 0 2.49431e-43 0.8351 -0.55 -0
0.384089 0.277785 -0.159095 0 2.49431e-43 0.7716 0.55 -0.3196
0.326641 0.353553 -0.135299 0 2.49431e-43 0.6588 0.701 -0.2729
0.353554 0.353553 -0 0 2.49431e-43 0.7131 0.701 -0
0.326641 -0.353553 -0.135299 0 2.49431e-43 0.6588 -0.701 -0.2729
0.353554 -0.353553 -0 0 2.49431e-43 0.7131 -0.701 -0
0.277785 -0.415735 -0 0 2.49431e-43 0.5639 -0.8258 -0
0.426777 0.191342 -0.176777 0 2.49431e-43 0.8552 0.3784 -0.3542
0.384089 0.277785 -0.159095 0 2.49431e-43 0.7716 0.55 -0.3196
0.415735 0.277785 -0 0 2.49431e-43 0.8351 0.55 -0
0.25664 -0.415735 -0.106304 0 2.49431e-43 0.521 -0.8258 -0.2158
0.277785 -0.415735 -0 0 2.49431e-43 0.5639 -0.8258 -0
0.191342 -0.46194 -0 0 2.49431e-43 0.393 -0.9195 -0
0.453064 0.097545 -0.187665 0 2.49431e-43 0.9065 0.1928 -0.3755
0.426777 0.191342 -0.176777 0 2.49431e-43 0.8552 0.3784 -0.3542
0.46194 0.191342 -0 0 2.49431e-43 0.9256 0.3784 -0
0.09012 -0.490393 -0.037329 0 2.49431e-43 0.191 -0.9784 -0.0791
0.176777 -0.46194 -0.073224 0 2.49431e-43 0.3631 -0.9195 -0.1504
0.191342 -0.46194 -0 0 2.49431e-43 0.393 -0.9195 -0
0.453064 0.097545 -0.187665 0 2.49431e-43 0.9065 0.1928 -0.3755
0.490393 0.097545 -0 0 2.49431e-43 0.9812 0.1928 -0
0.5 0 -0 0 2.49431e-43 1 0 -0
0.453064 -0.097545 -0.187665 0 2.49431e-43 0.9065 -0.1928 -0.3755
0.46194 0 -0.191342 0 2.49431e-43 0.9239 0 -0.3827
0.5 0 -0 0 2.49431e-43 1 0 -0
0.176777 0.46194 -0.073224 0 2.49431e-43 0.3631 0.9195 -0.1504
0.09012 0.490393 -0.037329 0 2.49431e-43 0.191 0.9784 -0.0791
0.097545 0.490393 -0 0 2.49431e-43 0.2068 0.9784 -0
0.196424 -0.415735 -0.196424 0 2.49431e-43 0.3987 -0.8258 -0.3987
0.25664 -0.415735 -0.106304 0 2.49431e-43 0.521 -0.8258 -0.2158
0.176777 -0.46194 -0.073224 0 2.49431e-43 0.3631 -0.9195 -0.1504
0.34676 0.097545 -0.34676 0 2.49431e-43 0.6938 0.1928 -0.6938
0.326641 0.191342 -0.326641 0 2.49431e-43 0.6545 0.3784 -0.6545
0.426777 0.191342 -0.176777 0 2.49431e-43 0.8552 0.3784 -0.3542
0.068975 -0.490393 -0.068975 0 2.49431e-43 0.1462 -0.9784 -0.1462
0.135299 -0.46194 -0.135299 0 2.49431e-43 0.2779 -0.9195 -0.2779
0.176777 -0.46194 -0.073224 0 2.49431e-43 0.3631 -0.9195 -0.1504
0.34676 0.097545 -0.34676 0 2.49431e-43 0.6938 0.1928 -0.6938
0.453064 0.097545 -0.187665 0 2.49431e-43 0.9065 0.1928 -0.3755
0.46194 0 -0.191342 0 2.49431e-43 0.9239 0 -0.3827
0.34676 -0.097545 -0.34676 0 2.49431e-43 0.6938 -0.1928 -0.6938
0.353553 0 -0.353554 0 2.49431e-43 0.7071 0 -0.7071
0.46194 0 -0.191342 0 2.49431e-43 0.9239 0 -0.3827
0.135299 0.46194 -0.135299 0 2.49431e-43 0.2779 0.9195 -0.2779
0.068975 0.490393 -0.068975 0 2.49431e-43 0.1462 0.9784 -0.1462
0.09012 0.490393 -0.037329 0 2.49431e-43 0.191 0.9784 -0.0791
0.34676 -0.097545 -0.34676 0 2.49431e-43 0.6938 -0.1928 -0.6938
0.453064 -0.097545 -0.187665 0 2.49431e-43 0.9065 -0.1928 -0.3755
0.426777 -0.191342 -0.176777 0 2.49431e-43 0.8552 -0.3784 -0.3542
0.196424 0.415735 -0.196424 0 2.49431e-43 0.3987 0.8258 -0.3987
0.135299 0.46194 -0.135299 0 2.49431e-43 0.2779 0.9195 -0.2779
0.176777 0.46194 -0.073224 0 2.49431e-43 0.3631 0.9195 -0.1504
0.293969 -0.277785 -0.293969 0 2.49431e-43 0.5905 -0.55 -0.5905
0.326641 -0.191342 -0.326641 0 2.49431e-43 0.6545 -0.3784 -0.6545
0.426777 -0.191342 -0.176777 0 2.49431e-43 0.8552 -0.3784 -0.3542
0.25 0.353553 -0.25 0 2.49431e-43 0.5042 0.701 -0.5042
0.196424 0.415735 -0.196424 0 2.49431e-43 0.3987 0.8258 -0.3987
0.25664 0.415735 -0.106304 0 2.49431e-43 0.521 0.8258 -0.2158
0.25 -0.353553 -0.25 0 2.49431e-43 0.5042 -0.701 -0.5042
0.293969 -0.277785 -0.293969 0 2.49431e-43 0.5905 -0.55 -0.5905
0.384089 -0.277785 -0.159095 0 2.49431e-43 0.7716 -0.55 -0.3196
0.25 0.353553 -0.25 0 2.49431e-43 0.5042 0.701 -0.5042
0.326641 0.353553 -0.135299 0 2.49431e-43 0.6588 0.701 -0.2729
0.384089 0.277785 -0.159095 0 2.49431e-43 0.7716 0.55 -0.3196
0.25 -0.353553 -0.25 0 2.49431e-43 0.5042 -0.701 -0.5042
0.326641 -0.353553 -0.135299 0 2.49431e-43 0.6588 -0.701 -0.2729
0.25664 -0.415735 -0.106304 0 2.49431e-43 0.521 -0.8258 -0.2158
0.326641 0.191342 -0.326641 0 2.49431e-43 0.6545 0.3784 -0.6545
0.293969 0.277785 -0.293969 0 2.49431e-43 0.5905 0.55 -0.5905
0.384089 0.277785 -0.159095 0 2.49431e-43 0.7716 0.55 -0.3196
0.106304 0.415735 -0.25664 0 2.49431e-43 0.2158 0.8258 -0.521
0.073223 0.46194 -0.176777 0 2.49431e-43 0.1504 0.9195 -0.3631
0.135299 0.46194 -0.135299 0 2.49431e-43 0.2779 0.9195 -0.2779
0.159095 -0.277785 -0.384089 0 2.49431e-43 0.3196 -0.55 -0.7716
0.176777 -0.191342 -0.426777 0 2.49431e-43 0.3542 -0.3784 -0.8552
0.326641 -0.191342 -0.326641 0 2.49431e-43 0.6545 -0.3784 -0.6545
0.135299 0.353553 -0.326641 0 2.49431e-43 0.2729 0.701 -0.6588
0.106304 0.415735 -0.25664 0 2.49431e-43 0.2158 0.8258 -0.521
0.196424 0.415735 -0.196424 0 2.49431e-43 0.3987 0.8258 -0.3987
0.135299 -0.353553 -0.326641 0 2.49431e-43 0.2729 -0.701 -0.6588
0.159095 -0.277785 -0.384089 0 2.49431e-43 0.3196 -0.55 -0.7716
0.293969 -0.277785 -0.293969 0 2.49431e-43 0.5905 -0.55 -0.5905
0.135299 0.353553 -0.326641 0 2.49431e-43 0.2729 0.701 -0.6588
0.25 0.353553 -0.25 0 2.49431e-43 0.5042 0.701 -0.5042
0.293969 0.277785 -0.293969 0 2.49431e-43 0.5905 0.55 -0.5905
0.135299 -0.353553 -0.326641 0 2.49431e-43 0.2729 -0.701 -0.6588
0.25 -0.353553 -0.25 0 2.49431e-43 0.5042 -0.701 -0.5042
0.196424 -0.415735 -0.196424 0 2.49431e-43 0.3987 -0.8258 -0.3987
0.176777 0.191342 -0.426777 0 2.49431e-43 0.3542 0.3784 -0.8552
0.159095 0.277785 -0.384089 0 2.49431e-43 0.3196 0.55 -0.7716
0.293969 0.277785 -0.293969 0 2.49431e-43 0.5905 0.55 -0.5905
0.106304 -0.415735 -0.25664 0 2.49431e-43 0.2158 -0.8258 -0.521
0.196424 -0.415735 -0.196424 0 2.49431e-43 0.3987 -0.8258 -0.3987
0.135299 -0.46194 -0.135299 0 2.49431e-43 0.2779 -0.9195 -0.2779
0.187665 0.097545 -0.453064 0 2.49431e-43 0.3755 0.1928 -0.9065
0.176777 0.191342 -0.426777 0 2.49431e-43 0.3542 0.3784 -0.8552
0.326641 0.191342 -0.326641 0 2.49431e-43 0.6545 0.3784 -0.6545
0.037329 -0.490393 -0.09012 0 2.49431e-43 0.0791 -0.9784 -0.191
0.073223 -0.46194 -0.176777 0 2.49431e-43 0.1504 -0.9195 -0.3631
0.135299 -0.46194 -0.135299 0 2.49431e-43 0.2779 -0.9195 -0.2779
0.187665 0.097545 -0.453064 0 2.49431e-43 0.3755 0.1928 -0.9065
0.34676 0.097545 -0.34676 0 2.49431e-43 0.6938 0.1928 -0.6938
0.353553 0 -0.353554 0 2.49431e-43 0.7071 0 -0.7071
0.187665 -0.097545 -0.453064 0 2.49431e-43 0.3755 -0.1928 -0.9065
0.191342 0 -0.46194 0 2.49431e-43 0.3827 0 -0.9239
0.353553 0 -0.353554 0 2.49431e-43 0.7071 0 -0.7071
0.073223 0.46194 -0.176777 0 2.49431e-43 0.1504 0.9195 -0.3631
0.037329 0.490393 -0.09012 0 2.49431e-43 0.0791 0.9784 -0.191
0.068975 0.490393 -0.068975 0 2.49431e-43 0.1462 0.9784 -0.1462
0.187665 -0.097545 -0.453064 0 2.49431e-43 0.3755 -0.1928 -0.9065
0.34676 -0.097545 -0.34676 0 2.49431e-43 0.6938 -0.1928 -0.6938
0.326641 -0.191342 -0.326641 0 2.49431e-43 0.6545 -0.3784 -0.6545
-0 0.097545 -0.490393 0 2.49431e-43 0 0.1928 -0.9812
-0 0.191342 -0.46194 0 2.49431e-43 0 0.3784 -0.9256
0.176777 0.191342 -0.426777 0 2.49431e-43 0.3542 0.3784 -0.8552
-0 -0.490393 -0.097545 0 2.49431e-43 0 -0.9784 -0.2068
-0 -0.46194 -0.191342 0 2.49431e-43 0 -0.9195 -0.393
0.073223 -0.46194 -0.176777 0 2.49431e-43 0.1504 -0.9195 -0.3631
-0 0.097545 -0.490393 0 2.49431e-43 0 0.1928 -0.9812
0.187665 0.097545 -0.453064 0 2.49431e-43 0.3755 0.1928 -0.9065
0.191342 0 -0.46194 0 2.49431e-43 0.3827 0 -0.9239
-0 -0.097545 -0.490393 0 2.49431e-43 0 -0.1928 -0.9812
-0 0 -0.5 0 2.49431e-43 0 0 -1
0.191342 0 -0.46194 0 2.49431e-43 0.3827 0 -0.9239
-0 0.46194 -0.191342 0 2.49431e-43 0 0.9195 -0.393
-0 0.490393 -0.097545 0 2.49431e-43 0 0.9784 -0.2068
0.037329 0.490393 -0.09012 0 2.49431e-43 0.0791 0.9784 -0.191
-0 -0.097545 -0.490393 0 2.49431e-43 0 -0.1928 -0.9812
0.187665 -0.097545 -0.453064 0 2.49431e-43 0.3755 -0.1928 -0.9065
0.176777 -0.191342 -0.426777 0 2.49431e-43 0.3542 -0.3784 -0.8552
-0 0.415735 -0.277785 0 2.49431e-43 0 0.8258 -0.5639
-0 0.46194 -0.191342 0 2.49431e-43 0 0.9195 -0.393
0.073223 0.46194 -0.176777 0 2.49431e-43 0.1504 0.9195 -0.3631
-0 -0.277785 -0.415735 0 2.49431e-43 0 -0.55 -0.8351
-0 -0.191342 -0.46194 0 2.49431e-43 0 -0.3784 -0.9256
0.176777 -0.191342 -0.426777 0 2.49431e-43 0.3542 -0.3784 -0.8552
-0 0.353553 -0.353554 0 2.49431e-43 0 0.701 -0.7131
-0 0.415735 -0.277785 0 2.49431e-43 0 0.8258 -0.5639
0.106304 0.415735 -0.25664 0 2.49431e-43 0.2158 0.8258 -0.521
-0 -0.353553 -0.353554 0 2.49431e-43 0 -0.701 -0.7131
-0 -0.277785 -0.415735 0 2.49431e-43 0 -0.55 -0.8351
0.159095 -0.277785 -0.384089 0 2.49431e-43 0.3196 -0.55 -0.7716
-0 0.353553 -0.353554 0 2.49431e-43 0 0.701 -0.7131
0.135299 0.353553 -0.326641 0 2.49431e-43 0.2729 0.701 -0.6588
0.159095 0.277785 -0.384089 0 2.49431e-43 0.3196 0.55 -0.7716
-0 -0.353553 -0.353554 0 2.49431e-43 0 -0.701 -0.7131
0.135299 -0.353553 -0.326641 0 2.49431e-43 0.2729 -0.701 -0.6588
0.106304 -0.415735 -0.25664 0 2.49431e-43 0.2158 -0.8258 -0.521
-0 0.191342 -0.46194 0 2.49431e-43 0 0.3784 -0.9256
-0 0.277785 -0.415735 0 2.49431e-43 0 0.55 -0.8351
0.159095 0.277785 -0.384089 0 2.49431e-43 0.3196 0.55 -0.7716
-0 -0.415735 -0.277785 0 2.49431e-43 0 -0.8258 -0.5639
0.106304 -0.415735 -0.25664 0 2.49431e-43 0.2158 -0.8258 -0.521
0.073223 -0.46194 -0.176777 0 2.49431e-43 0.1504 -0.9195 -0.3631
-0.176777 -0.191342 -0.426777 0 2.49431e-43 -0.3542 -0.3784 -0.8552
-0 -0.191342 -0.46194 0 2.49431e-43 0 -0.3784 -0.9256
-0 -0.277785 -0.415735 0 2.49431e-43 0 -0.55 -0.8351
-0.135299 0.353553 -0.326641 0 2.49431e-43 -0.2729 0.701 -0.6588
-0.106304 0.415735 -0.25664 0 2.49431e-43 -0.2158 0.8258 -0.521
-0 0.415735 -0.277785 0 2.49431e-43 0 0.8258 -0.5639
-0.135299 -0.353553 -0.326641 0 2.49431e-43 -0.2729 -0.701 -0.6588
-0.159095 -0.277785 -0.384089 0 2.49431e-43 -0.3196 -0.55 -0.7716
-0 -0.277785 -0.415735 0 2.49431e-43 0 -0.55 -0.8351
-0.135299 0.353553 -0.326641 0 2.49431e-43 -0.2729 0.701 -0.6588
-0 0.353553 -0.353554 0 2.49431e-43 0 0.701 -0.7131
-0 0.277785 -0.415735 0 2.49431e-43 0 0.55 -0.8351
-0.135299 -0.353553 -0.326641 0 2.49431e-43 -0.2729 -0.701 -0.6588
-0 -0.353553 -0.353554 0 2.49431e-43 0 -0.701 -0.7131
-0 -0.415735 -0.277785 0 2.49431e-43 0 -0.8258 -0.5639
-0.176777 0.191342 -0.426777 0 2.49431e-43 -0.3542 0.3784 -0.8552
-0.159095 0.277785 -0.384089 0 2.49431e-43 -0.3196 0.55 -0.7716
-0 0.277785 -0.415735 0 2.49431e-43 0 0.55 -0.8351
-0.106304 -0.415735 -0.25664 0 2.49431e-43 -0.2158 -0.8258 -0.521
-0 -0.415735 -0.277785 0 2.49431e-43 0 -0.8258 -0.5639
-0 -0.46194 -0.191342 0 2.49431e-43 0 -0.9195 -0.393
-0.187665 0.097545 -0.453064 0 2.49431e-43 -0.3755 0.1928 -0.9065
-0.176777 0.191342 -0.426777 0 2.49431e-43 -0.3542 0.3784 -0.8552
-0 0.191342 -0.46194 0 2.49431e-43 0 0.3784 -0.9256
-0.037329 -0.490393 -0.09012 0 2.49431e-43 -0.0791 -0.9784 -0.191
-0.073223 -0.46194 -0.176777 0 2.49431e-43 -0.1504 -0.9195 -0.3631
-0 -0.46194 -0.191342 0 2.49431e-43 0 -0.9195 -0.393
-0.187665 0.097545 -0.453064 0 2.49431e-43 -0.3755 0.1928 -0.9065
-0 0.097545 -0.490393 0 2.49431e-43 0 0.1928 -0.9812
-0 0 -0.5 0 2.49431e-43 0 0 -1
-0.187665 -0.097545 -0.453064 0 2.49431e-43 -0.3755 -0.1928 -0.9065
-0.191342 0 -0.46194 0 2.49431e-43 -0.3827 0 -0.9239
-0 0 -0.5 0 2.49431e-43 0 0 -1
-0.073223 0.46194 -0.176777 0 2.49431e-43 -0.1504 0.9195 -0.3631
-0.037329 0.490393 -0.09012 0 2.49431e-43 -0.0791 0.9784 -0.191
-0 0.490393 -0.097545 0 2.49431e-43 0 0.9784 -0.2068
-0.187665 -0.097545 -0.453064 0 2.49431e-43 -0.3755 -0.1928 -0.9065
-0 -0.097545 -0.490393 0 2.49431e-43 0 -0.1928 -0.9812
-0 -0.191342 -0.46194 0 2.49431e-43 0 -0.3784 -0.9256
-0.106304 0.415735 -0.25664 0 2.49431e-43 -0.2158 0.8258 -0.521
-0.073223 0.46194 -0.176777 0 2.49431e-43 -0.1504 0.9195 -0.3631
-0 0.46194 -0.191342 0 2.49431e-43 0 0.9195 -0.393
-0.068975 -0.490393 -0.068975 0 2.49431e-43 -0.1462 -0.9784 -0.1462
-0.135299 -0.46194 -0.135299 0 2.49431e-43 -0.2779 -0.9195 -0.2779
-0.073223 -0.46194 -0.176777 0 2.49431e-43 -0.1504 -0.9195 -0.3631
-0.34676 0.097545 -0.34676 0 2.49431e-43 -0.6938 0.1928 -0.6938
-0.187665 0.097545 -0.453064 0 2.49431e-43 -0.3755 0.1928 -0.9065
-0.191342 0 -0.46194 0 2.49431e-43 -0.3827 0 -0.9239
-0.34676 -0.097545 -0.34676 0 2.49431e-43 -0.6938 -0.1928 -0.6938
-0.353554 0 -0.353553 0 2.49431e-43 -0.7071 0 -0.7071
-0.191342 0 -0.46194 0 2.49431e-43 -0.3827 0 -0.9239
-0.135299 0.46194 -0.135299 0 2.49431e-43 -0.2779 0.9195 -0.2779
-0.068975 0.490393 -0.068975 0 2.49431e-43 -0.1462 0.9784 -0.1462
-0.037329 0.490393 -0.09012 0 2.49431e-43 -0.0791 0.9784 -0.191
-0.34676 -0.097545 -0.34676 0 2.49431e-43 -0.6938 -0.1928 -0.6938
-0.187665 -0.097545 -0.453064 0 2.49431e-43 -0.3755 -0.1928 -0.9065
-0.176777 -0.191342 -0.426777 0 2.49431e-43 -0.3542 -0.3784 -0.8552
-0.196424 0.415735 -0.196424 0 2.49431e-43 -0.3987 0.8258 -0.3987
-0.135299 0.46194 -0.135299 0 2.49431e-43 -0.2779 0.9195 -0.2779
-0.073223 0.46194 -0.176777 0 2.49431e-43 -0.1504 0.9195 -0.3631
-0.326641 -0.191342 -0.326641 0 2.49431e-43 -0.6545 -0.3784 -0.6545
-0.176777 -0.191342 -0.426777 0 2.49431e-43 -0.3542 -0.3784 -0.8552
-0.159095 -0.277785 -0.384089 0 2.49431e-43 -0.3196 -0.55 -0.7716
-0.25 0.353553 -0.25 0 2.49431e-43 -0.5042 0.701 -0.5042
-0.196424 0.415735 -0.196424 0 2.49431e-43 -0.3987 0.8258 -0.3987
-0.106304 0.415735 -0.25664 0 2.49431e-43 -0.2158 0.8258 -0.521
-0.25 -0.353553 -0.25 0 2.49431e-43 -0.5042 -0.701 -0.5042
-0.293969 -0.277785 -0.293969 0 2.49431e-43 -0.5905 -0.55 -0.5905
-0.159095 -0.277785 -0.384089 0 2.49431e-43 -0.3196 -0.55 -0.7716
-0.25 0.353553 -0.25 0 2.49431e-43 -0.5042 0.701 -0.5042
-0.135299 0.353553 -0.326641 0 2.49431e-43 -0.2729 0.701 -0.6588
-0.159095 0.277785 -0.384089 0 2.49431e-43 -0.3196 0.55 -0.7716
-0.25 -0.353553 -0.25 0 2.49431e-43 -0.5042 -0.701 -0.5042
-0.135299 -0.353553 -0.326641 0 2.49431e-43 -0.2729 -0.701 -0.6588
-0.106304 -0.415735 -0.25664 0 2.49431e-43 -0.2158 -0.8258 -0.521
-0.326641 0.191342 -0.326641 0 2.49431e-43 -0.6545 0.3784 -0.6545
-0.293969 0.277785 -0.293969 0 2.49431e-43 -0.5905 0.55 -0.5905
-0.159095 0.277785 -0.384089 0 2.49431e-43 -0.3196 0.55 -0.7716
-0.196424 -0.415735 -0.196424 0 2.49431e-43 -0.3987 -0.8258 -0.3987
-0.106304 -0.415735 -0.25664 0 2.49431e-43 -0.2158 -0.8258 -0.521
-0.073223 -0.46194 -0.176777 0 2.49431e-43 -0.1504 -0.9195 -0.3631
-0.34676 0.097545 -0.34676 0 2.49431e-43 -0.6938 0.1928 -0.6938
-0.326641 0.191342 -0.326641 0 2.49431e-43 -0.6545 0.3784 -0.6545
-0.176777 0.191342 -0.426777 0 2.49431e-43 -0.3542 0.3784 -0.8552
-0.326641 0.353553 -0.135299 0 2.49431e-43 -0.6588 0.701 -0.2729
-0.25664 0.415735 -0.106304 0 2.49431e-43 -0.521 0.8258 -0.2158
-0.196424 0.415735 -0.196424 0 2.49431e-43 -0.3987 0.8258 -0.3987
-0.326641 -0.353553 -0.135299 0 2.49431e-43 -0.6588 -0.701 -0.2729
-0.384089 -0.277785 -0.159095 0 2.49431e-43 -0.7716 -0.55 -0.3196
-0.293969 -0.277785 -0.293969 0 2.49431e-43 -0.5905 -0.55 -0.5905
-0.326641 0.353553 -0.135299 0 2.49431e-43 -0.6588 0.701 -0.2729
-0.25 0.353553 -0.25 0 2.49431e-43 -0.5042 0.701 -0.5042
-0.293969 0.277785 -0.293969 0 2.49431e-43 -0.5905 0.55 -0.5905
-0.326641 -0.353553 -0.135299 0 2.49431e-43 -0.6588 -0.701 -0.2729
-0.25 -0.353553 -0.25 0 2.49431e-43 -0.5042 -0.701 -0.5042
-0.196424 -0.415735 -0.196424 0 2.49431e-43 -0.3987 -0.8258 -0.3987
-0.426777 0.191342 -0.176777 0 2.49431e-43 -0.8552 0.3784 -0.3542
-0.384089 0.277785 -0.159095 0 2.49431e-43 -0.7716 0.55 -0.3196
-0.293969 0.277785 -0.293969 0 2.49431e-43 -0.5905 0.55 -0.5905
-0.25664 -0.415735 -0.106304 0 2.49431e-43 -0.521 -0.8258 -0.2158
-0.196424 -0.415735 -0.196424 0 2.49431e-43 -0.3987 -0.8258 -0.3987
-0.135299 -0.46194 -0.135299 0 2.49431e-43 -0.2779 -0.9195 -0.2779
-0.453064 0.097545 -0.187665 0 2.49431e-43 -0.9065 0.1928 -0.3755
-0.426777 0.191342 -0.176777 0 2.49431e-43 -0.8552 0.3784 -0.3542
-0.326641 0.191342 -0.326641 0 2.49431e-43 -0.6545 0.3784 -0.6545
-0.09012 -0.490393 -0.037329 0 2.49431e-43 -0.191 -0.9784 -0.0791
-0.176777 -0.46194 -0.073223 0 2.49431e-43 -0.3631 -0.9195 -0.1504
-0.135299 -0.46194 -0.135299 0 2.49431e-43 -0.2779 -0.9195 -0.2779
-0.453064 0.097545 -0.187665 0 2.49431e-43 -0.9065 0.1928 -0.3755
-0.34676 0.097545 -0.34676 0 2.49431e-43 -0.6938 0.1928 -0.6938
-0.353554 0 -0.353553 0 2.49431e-43 -0.7071 0 -0.7071
-0.453064 -0.097545 -0.187665 0 2.49431e-43 -0.9065 -0.1928 -0.3755
-0.46194 0 -0.191342 0 2.49431e-43 -0.9239 0 -0.3827
-0.353554 0 -0.353553 0 2.49431e-43 -0.7071 0 -0.7071
-0.176777 0.46194 -0.073223 0 2.49431e-43 -0.3631 0.9195 -0.1504
-0.09012 0.490393 -0.037329 0 2.49431e-43 -0.191 0.9784 -0.0791
-0.068975 0.490393 -0.068975 0 2.49431e-43 -0.1462 0.9784 -0.1462
-0.453064 -0.097545 -0.187665 0 2.49431e-43 -0.9065 -0.1928 -0.3755
-0.34676 -0.097545 -0.34676 0 2.49431e-43 -0.6938 -0.1928 -0.6938
-0.326641 -0.191342 -0.326641 0 2.49431e-43 -0.6545 -0.3784 -0.6545
-0.176777 0.46194 -0.073223 0 2.49431e-43 -0.3631 0.9195 -0.1504
-0.135299 0.46194 -0.135299 0 2.49431e-43 -0.2779 0.9195 -0.2779
-0.196424 0.415735 -0.196424 0 2.49431e-43 -0.3987 0.8258 -0.3987
-0.426777 -0.191342 -0.176777 0 2.49431e-43 -0.8552 -0.3784 -0.3542
-0.326641 -0.191342 -0.326641 0 2.49431e-43 -0.6545 -0.3784 -0.6545
-0.293969 -0.277785 -0.293969 0 2.49431e-43 -0.5905 -0.55 -0.5905
-0.490393 0.097545 -0 0 2.49431e-43 -0.9812 0.1928 -0
-0.453064 0.097545 -0.187665 0 2.49431e-43 -0.9065 0.1928 -0.3755
-0.46194 0 -0.191342 0 2.49431e-43 -0.9239 0 -0.3827
-0.490393 -0.097545 -0 0 2.49431e-43 -0.9812 -0.1928 -0
-0.5 0 0 0 2.49431e-43 -1 0 -0
-0.46194 0 -0.191342 0 2.49431e-43 -0.9239 0 -0.3827
-0.191342 0.46194 -0 0 2.49431e-43 -0.393 0.9195 -0
-0.097545 0.490393 -0 0 2.49431e-43 -0.2068 0.9784 -0
-0.09012 0.490393 -0.037329 0 2.49431e-43 -0.191 0.9784 -0.0791
-0.490393 -0.097545 -0 0 2.49431e-43 -0.9812 -0.1928 -0
-0.453064 -0.097545 -0.187665 0 2.49431e-43 -0.9065 -0.1928 -0.3755
-0.426777 -0.191342 -0.176777 0 2.49431e-43 -0.8552 -0.3784 -0.3542
-0.191342 0.46194 -0 0 2.49431e-43 -0.393 0.9195 -0
-0.176777 0.46194 -0.073223 0 2.49431e-43 -0.3631 0.9195 -0.1504
-0.25664 0.415735 -0.106304 0 2.49431e-43 -0.521 0.8258 -0.2158
-0.46194 -0.191342 0 0 2.49431e-43 -0.9256 -0.3784 -0
-0.426777 -0.191342 -0.176777 0 2.49431e-43 -0.8552 -0.3784 -0.3542
-0.384089 -0.277785 -0.159095 0 2.49431e-43 -0.7716 -0.55 -0.3196
-0.353553 0.353553 -0 0 2.49431e-43 -0.7131 0.701 -0
-0.277785 0.415735 -0 0 2.49431e-43 -0.5639 0.8258 -0
-0.25664 0.415735 -0.106304 0 2.49431e-43 -0.521 0.8258 -0.2158
-0.353553 -0.353553 -0 0 2.49431e-43 -0.7131 -0.701 -0
-0.415735 -0.277785 0 0 2.49431e-43 -0.8351 -0.55 -0
-0.384089 -0.277785 -0.159095 0 2.49431e-43 -0.7716 -0.55 -0.3196
-0.353553 0.353553 -0 0 2.49431e-43 -0.7131 0.701 -0
-0.326641 0.353553 -0.135299 0 2.49431e-43 -0.6588 0.701 -0.2729
-0.384089 0.277785 -0.159095 0 2.49431e-43 -0.7716 0.55 -0.3196
-0.353553 -0.353553 -0 0 2.49431e-43 -0.7131 -0.701 -0
-0.326641 -0.353553 -0.135299 0 2.49431e-43 -0.6588 -0.701 -0.2729
-0.25664 -0.415735 -0.106304 0 2.49431e-43 -0.521 -0.8258 -0.2158
-0.46194 0.191342 0 0 2.49431e-43 -0.9256 0.3784 -0
-0.415735 0.277785 0 0 2.49431e-43 -0.8351 0.55 -0
-0.384089 0.277785 -0.159095 0 2.49431e-43 -0.7716 0.55 -0.3196
-0.277785 -0.415735 -0 0 2.49431e-43 -0.5639 -0.8258 -0
-0.25664 -0.415735 -0.106304 0 2.49431e-43 -0.521 -0.8258 -0.2158
-0.176777 -0.46194 -0.073223 0 2.49431e-43 -0.3631 -0.9195 -0.1504
-0.490393 0.097545 -0 0 2.49431e-43 -0.9812 0.1928 -0
-0.46194 0.191342 0 0 2.49431e-43 -0.9256 0.3784 -0
-0.426777 0.191342 -0.176777 0 2.49431e-43 -0.8552 0.3784 -0.3542
-0.097545 -0.490393 -0 0 2.49431e-43 -0.2068 -0.9784 -0
-0.191342 -0.46194 -0 0 2.49431e-43 -0.393 -0.9195 -0
-0.176777 -0.46194 -0.073223 0 2.49431e-43 -0.3631 -0.9195 -0.1504
-0.326641 -0.353553 0.135299 0 2.49431e-43 -0.6588 -0.701 0.2729
-0.384089 -0.277785 0.159095 0 2.49431e-43 -0.7716 -0.55 0.3196
-0.415735 -0.277785 0 0 2.49431e-43 -0.8351 -0.55 -0
-0.326641 0.353553 0.135299 0 2.49431e-43 -0.6588 0.701 0.2729
-0.353553 0.353553 -0 0 2.49431e-43 -0.7131 0.701 -0
-0.415735 0.277785 0 0 2.49431e-43 -0.8351 0.55 -0
-0.326641 -0.353553 0.135299 0 2.49431e-43 -0.6588 -0.701 0.2729
-0.353553 -0.353553 -0 0 2.49431e-43 -0.7131 -0.701 -0
-0.277785 -0.415735 -0 0 2.49431e-43 -0.5639 -0.8258 -0
-0.426777 0.191342 0.176777 0 2.49431e-43 -0.8552 0.3784 0.3542
-0.384089 0.277785 0.159095 0 2.49431e-43 -0.7716 0.55 0.3196
-0.415735 0.277785 0 0 2.49431e-43 -0.8351 0.55 -0
-0.25664 -0.415735 0.106304 0 2.49431e-43 -0.521 -0.8258 0.2158
-0.277785 -0.415735 -0 0 2.49431e-43 -0.5639 -0.8258 -0
-0.191342 -0.46194 -0 0 2.49431e-43 -0.393 -0.9195 -0
-0.453064 0.097545 0.187665 0 2.49431e-43 -0.9065 0.1928 0.3755
-0.426777 0.191342 0.176777 0 2.49431e-43 -0.8552 0.3784 0.3542
-0.46194 0.191342 0 0 2.49431e-43 -0.9256 0.3784 -0
-0.09012 -0.490393 0.037329 0 2.49431e-43 -0.191 -0.9784 0.0791
-0.176777 -0.46194 0.073223 0 2.49431e-43 -0.3631 -0.9195 0.1504
-0.191342 -0.46194 -0 0 2.49431e-43 -0.393 -0.9195 -0
-0.453064 0.097545 0.187665 0 2.49431e-43 -0.9065 0.1928 0.3755
-0.490393 0.097545 -0 0 2.49431e-43 -0.9812 0.1928 -0
-0.5 0 0 0 2.49431e-43 -1 0 -0
-0.453064 -0.097545 0.187665 0 2.49431e-43 -0.9065 -0.1928 0.3755
-0.46194 0 0.191342 0 2.49431e-43 -0.9239 0 0.3827
-0.5 0 0 0 2.49431e-43 -1 0 -0
-0.176777 0.46194 0.073223 0 2.49431e-43 -0.3631 0.9195 0.1504
-0.09012 0.490393 0.037329 0 2.49431e-43 -0.191 0.9784 0.0791
-0.097545 0.490393 -0 0 2.49431e-43 -0.2068 0.9784 -0
-0.453064 -0.097545 0.187665 0 2.49431e-43 -0.9065 -0.1928 0.3755
-0.490393 -0.097545 -0 0 2.49431e-43 -0.9812 -0.1928 -0
-0.46194 -0.191342 0 0 2.49431e-43 -0.9256 -0.3784 -0
-0.176777 0.46194 0.073223 0 2.49431e-43 -0.3631 0.9195 0.1504
-0.191342 0.46194 -0 0 2.49431e-43 -0.393 0.9195 -0
-0.277785 0.415735 -0 0 2.49431e-43 -0.5639 0.8258 -0
-0.426777 -0.191342 0.176777 0 2.49431e-43 -0.8552 -0.3784 0.3542
-0.46194 -0.191342 0 0 2.49431e-43 -0.9256 -0.3784 -0
-0.415735 -0.277785 0 0 2.49431e-43 -0.8351 -0.55 -0
-0.326641 0.353553 0.135299 0 2.49431e-43 -0.6588 0.701 0.2729
-0.25664 0.415735 0.106304 0 2.49431e-43 -0.521 0.8258 0.2158
-0.277785 0.415735 -0 0 2.49431e-43 -0.5639 0.8258 -0
-0.34676 -0.097545 0.34676 0 2.49431e-43 -0.6938 -0.1928 0.6938
-0.353553 0 0.353553 0 2.49431e-43 -0.7071 0 0.7071
-0.46194 0 0.191342 0 2.49431e-43 -0.9239 0 0.3827
-0.135299 0.46194 0.135299 0 2.49431e-43 -0.2779 0.9195 0.2779
-0.068975 0.490393 0.068975 0 2.49431e-43 -0.1462 0.9784 0.1462
-0.09012 0.490393 0.037329 0 2.49431e-43 -0.191 0.9784 0.0791
-0.34676 -0.097545 0.34676 0 2.49431e-43 -0.6938 -0.1928 0.6938
-0.453064 -0.097545 0.187665 0 2.49431e-43 -0.9065 -0.1928 0.3755
-0.426777 -0.191342 0.176777 0 2.49431e-43 -0.8552 -0.3784 0.3542
-0.135299 0.46194 0.135299 0 2.49431e-43 -0.2779 0.9195 0.2779
-0.176777 0.46194 0.073223 0 2.49431e-43 -0.3631 0.9195 0.1504
-0.25664 0.415735 0.106304 0 2.49431e-43 -0.521 0.8258 0.2158
-0.326641 -0.191342 0.326641 0 2.49431e-43 -0.6545 -0.3784 0.6545
-0.426777 -0.191342 0.176777 0 2.49431e-43 -0.8552 -0.3784 0.3542
-0.384089 -0.277785 0.159095 0 2.49431e-43 -0.7716 -0.55 0.3196
-0.25 0.353553 0.25 0 2.49431e-43 -0.5042 0.701 0.5042
-0.196424 0.415735 0.196424 0 2.49431e-43 -0.3987 0.8258 0.3987
-0.25664 0.415735 0.106304 0 2.49431e-43 -0.521 0.8258 0.2158
-0.25 -0.353553 0.25 0 2.49431e-43 -0.5042 -0.701 0.5042
-0.293969 -0.277785 0.293969 0 2.49431e-43 -0.5905 -0.55 0.5905
-0.384089 -0.277785 0.159095 0 2.49431e-43 -0.7716 -0.55 0.3196
-0.25 0.353553 0.25 0 2.49431e-43 -0.5042 0.701 0.5042
-0.326641 0.353553 0.135299 0 2.49431e-43 -0.6588 0.701 0.2729
-0.384089 0.277785 0.159095 0 2.49431e-43 -0.7716 0.55 0.3196
-0.25 -0.353553 0.25 0 2.49431e-43 -0.5042 -0.701 0.5042
-0.326641 -0.353553 0.135299 0 2.49431e-43 -0.6588 -0.701 0.2729
-0.25664 -0.415735 0.106304 0 2.49431e-43 -0.521 -0.8258 0.2158
-0.326641 0.191342 0.326641 0 2.49431e-43 -0.6545 0.3784 0.6545
-0.293969 0.277785 0.293969 0 2.49431e-43 -0.5905 0.55 0.5905
-0.384089 0.277785 0.159095 0 2.49431e-43 -0.7716 0.55 0.3196
-0.196424 -0.415735 0.196424 0 2.49431e-43 -0.3987 -0.8258 0.3987
-0.25664 -0.415735 0.106304 0 2.49431e-43 -0.521 -0.8258 0.2158
-0.176777 -0.46194 0.073223 0 2.49431e-43 -0.3631 -0.9195 0.1504
-0.34676 0.097545 0.34676 0 2.49431e-43 -0.6938 0.1928 0.6938
-0.326641 0.191342 0.326641 0 2.49431e-43 -0.6545 0.3784 0.6545
-0.426777 0.191342 0.176777 0 2.49431e-43 -0.8552 0.3784 0.3542
-0.068975 -0.490393 0.068975 0 2.49431e-43 -0.1462 -0.9784 0.1462
-0.135299 -0.46194 0.135299 0 2.49431e-43 -0.2779 -0.9195 0.2779
-0.176777 -0.46194 0.073223 0 2.49431e-43 -0.3631 -0.9195 0.1504
-0.34676 0.097545 0.34676 0 2.49431e-43 -0.6938 0.1928 0.6938
-0.453064 0.097545 0.187665 0 2.49431e-43 -0.9065 0.1928 0.3755
-0.46194 0 0.191342 0 2.49431e-43 -0.9239 0 0.3827
-0.135299 -0.353553 0.326641 0 2.49431e-43 -0.2729 -0.701 0.6588
-0.25 -0.353553 0.25 0 2.49431e-43 -0.5042 -0.701 0.5042
-0.196424 -0.415735 0.196424 0 2.49431e-43 -0.3987 -0.8258 0.3987
-0.176776 0.191342 0.426777 0 2.49431e-43 -0.3542 0.3784 0.8552
-0.159095 0.277785 0.384089 0 2.49431e-43 -0.3196 0.55 0.7716
-0.293969 0.277785 0.293969 0 2.49431e-43 -0.5905 0.55 0.5905
-0.073223 -0.46194 0.176777 0 2.49431e-43 -0.1504 -0.9195 0.3631
-0.106304 -0.415735 0.25664 0 2.49431e-43 -0.2158 -0.8258 0.521
-0.196424 -0.415735 0.196424 0 2.49431e-43 -0.3987 -0.8258 0.3987
-0.187665 0.097545 0.453064 0 2.49431e-43 -0.3755 0.1928 0.9065
-0.176776 0.191342 0.426777 0 2.49431e-43 -0.3542 0.3784 0.8552
-0.326641 0.191342 0.326641 0 2.49431e-43 -0.6545 0.3784 0.6545
-0.037329 -0.490393 0.09012 0 2.49431e-43 -0.0791 -0.9784 0.191
-0.073223 -0.46194 0.176777 0 2.49431e-43 -0.1504 -0.9195 0.3631
-0.135299 -0.46194 0.135299 0 2.49431e-43 -0.2779 -0.9195 0.2779
-0.187665 0.097545 0.453064 0 2.49431e-43 -0.3755 0.1928 0.9065
-0.34676 0.097545 0.34676 0 2.49431e-43 -0.6938 0.1928 0.6938
-0.353553 0 0.353553 0 2.49431e-43 -0.7071 0 0.7071
-0.187665 -0.097545 0.453064 0 2.49431e-43 -0.3755 -0.1928 0.9065
-0.191342 0 0.46194 0 2.49431e-43 -0.3827 0 0.9239
-0.353553 0 0.353553 0 2.49431e-43 -0.7071 0 0.7071
-0.073223 0.46194 0.176777 0 2.49431e-43 -0.1504 0.9195 0.3631
-0.037329 0.490393 0.09012 0 2.49431e-43 -0.0791 0.9784 0.191
-0.068975 0.490393 0.068975 0 2.49431e-43 -0.1462 0.9784 0.1462
-0.187665 -0.097545 0.453064 0 2.49431e-43 -0.3755 -0.1928 0.9065
-0.34676 -0.097545 0.34676 0 2.49431e-43 -0.6938 -0.1928 0.6938
-0.326641 -0.191342 0.326641 0 2.49431e-43 -0.6545 -0.3784 0.6545
-0.073223 0.46194 0.176777 0 2.49431e-43 -0.1504 0.9195 0.3631
-0.135299 0.46194 0.135299 0 2.49431e-43 -0.2779 0.9195 0.2779
-0.196424 0.415735 0.196424 0 2.49431e-43 -0.3987 0.8258 0.3987
-0.176776 -0.191342 0.426777 0 2.49431e-43 -0.3542 -0.3784 0.8552
-0.326641 -0.191342 0.326641 0 2.49431e-43 -0.6545 -0.3784 0.6545
-0.293969 -0.277785 0.293969 0 2.49431e-43 -0.5905 -0.55 0.5905
-0.135299 0.353553 0.326641 0 2.49431e-43 -0.2729 0.701 0.6588
-0.106304 0.415735 0.25664 0 2.49431e-43 -0.2158 0.8258 0.521
-0.196424 0.415735 0.196424 0 2.49431e-43 -0.3987 0.8258 0.3987
-0.135299 -0.353553 0.326641 0 2.49431e-43 -0.2729 -0.701 0.6588
-0.159095 -0.277785 0.384089 0 2.49431e-43 -0.3196 -0.55 0.7716
-0.293969 -0.277785 0.293969 0 2.49431e-43 -0.5905 -0.55 0.5905
-0.135299 0.353553 0.326641 0 2.49431e-43 -0.2729 0.701 0.6588
-0.25 0.353553 0.25 0 2.49431e-43 -0.5042 0.701 0.5042
-0.293969 0.277785 0.293969 0 2.49431e-43 -0.5905 0.55 0.5905
0 0.490393 0.097545 0 2.49431e-43 0 0.9784 0.2068
-0.037329 0.490393 0.09012 0 2.49431e-43 -0.0791 0.9784 0.191
-0.073223 0.46194 0.176777 0 2.49431e-43 -0.1504 0.9195 0.3631
0 -0.191342 0.46194 0 2.49431e-43 0 -0.3784 0.9256
0 -0.097545 0.490392 0 2.49431e-43 0 -0.1928 0.9812
-0.187665 -0.097545 0.453064 0 2.49431e-43 -0.3755 -0.1928 0.9065
0 0.46194 0.191342 0 2.49431e-43 0 0.9195 0.393
-0.073223 0.46194 0.176777 0 2.49431e-43 -0.1504 0.9195 0.3631
-0.106304 0.415735 0.25664 0 2.49431e-43 -0.2158 0.8258 0.521
0 -0.277785 0.415735 0 2.49431e-43 0 -0.55 0.8351
0 -0.191342 0.46194 0 2.49431e-43 0 -0.3784 0.9256
-0.176776 -0.191342 0.426777 0 2.49431e-43 -0.3542 -0.3784 0.8552
0 0.415735 0.277785 0 2.49431e-43 0 0.8258 0.5639
-0.106304 0.415735 0.25664 0 2.49431e-43 -0.2158 0.8258 0.521
-0.135299 0.353553 0.326641 0 2.49431e-43 -0.2729 0.701 0.6588
0 -0.353553 0.353553 0 2.49431e-43 0 -0.701 0.7131
0 -0.277785 0.415735 0 2.49431e-43 0 -0.55 0.8351
-0.159095 -0.277785 0.384089 0 2.49431e-43 -0.3196 -0.55 0.7716
0 0.353553 0.353553 0 2.49431e-43 0 0.701 0.7131
-0.135299 0.353553 0.326641 0 2.49431e-43 -0.2729 0.701 0.6588
-0.159095 0.277785 0.384089 0 2.49431e-43 -0.3196 0.55 0.7716
0 -0.415735 0.277785 0 2.49431e-43 0 -0.8258 0.5639
0 -0.353553 0.353553 0 2.49431e-43 0 -0.701 0.7131
-0.135299 -0.353553 0.326641 0 2.49431e-43 -0.2729 -0.701 0.6588
0 0.191342 0.46194 0 2.49431e-43 0 0.3784 0.9256
0 0.277785 0.415735 0 2.49431e-43 0 0.55 0.8351
-0.159095 0.277785 0.384089 0 2.49431e-43 -0.3196 0.55 0.7716
0 -0.46194 0.191342 0 2.49431e-43 0 -0.9195 0.393
0 -0.415735 0.277785 0 2.49431e-43 0 -0.8258 0.5639
-0.106304 -0.415735 0.25664 0 2.49431e-43 -0.2158 -0.8258 0.521
0 0.191342 0.46194 0 2.49431e-43 0 0.3784 0.9256
-0.176776 0.191342 0.426777 0 2.49431e-43 -0.3542 0.3784 0.8552
-0.187665 0.097545 0.453064 0 2.49431e-43 -0.3755 0.1928 0.9065
0 -0.490393 0.097545 0 2.49431e-43 0 -0.9784 0.2068
0 -0.46194 0.191342 0 2.49431e-43 0 -0.9195 0.393
-0.073223 -0.46194 0.176777 0 2.49431e-43 -0.1504 -0.9195 0.3631
0 0 0.5 0 2.49431e-43 0 0 1
0 0.097545 0.490392 0 2.49431e-43 0 0.1928 0.9812
-0.187665 0.097545 0.453064 0 2.49431e-43 -0.3755 0.1928 0.9065
0 0 0.5 0 2.49431e-43 0 0 1
-0.191342 0 0.46194 0 2.49431e-43 -0.3827 0 0.9239
-0.187665 -0.097545 0.453064 0 2.49431e-43 -0.3755 -0.1928 0.9065
