Vertex Count: 1440

Data:

0.073223 -0.46194 0.176777 0 3.11088e-43 0.0934 -0.8781 0.4693
0.106304 -0.415735 0.25664 0 3.11088e-43 0.0934 -0.8781 0.4693
0 -0.46194 0.191342 0 3.11088e-43 0.0934 -0.8781 0.4693
0.187665 0.097545 0.453064 0 3.11088e-43 0.187 0.2852 0.9401
0.176777 0.191342 0.426777 0 3.11088e-43 0.187 0.2852 0.9401
0 0.097545 0.490392 0 3.11088e-43 0.187 0.2852 0.9401
0.037329 -0.490393 0.09012 0 3.11088e-43 0.0576 -0.9553 0.2898
0.073223 -0.46194 0.176777 0 3.11088e-43 0.0576 -0.9553 0.2898
0 -0.490393 0.097545 0 3.11088e-43 0.0576 -0.9553 0.2898
0 0 0.5 0 3.11088e-43 0.1942 0.0962 0.9762
0.191342 0 0.46194 0 3.11088e-43 0.1942 0.0962 0.9762
0 0.097545 0.490392 0 3.11088e-43 0.1942 0.0962 0.9762
0.037329 0.490393 0.09012 0 3.11088e-43 0.0195 0.995 0.098
-0 0.5 -0 0 3.11088e-43 0.0195 0.995 0.098
0 0.490393 0.097545 0 3.11088e-43 0.0195 0.995 0.098
0.037329 -0.490393 0.09012 0 3.11088e-43 0.0195 -0.995 0.098
0 -0.490393 0.097545 0 3.11088e-43 0.0195 -0.995 0.098
0 -0.5 -0 0 3.11088e-43 0.0195 -0.995 0.098
0.187665 -0.097545 0.453064 0 3.11088e-43 0.1942 -0.0962 0.9762
0.191342 0 0.46194 0 3.11088e-43 0.1942 -0.0962 0.9762
0 -0.097545 0.490392 0 3.11088e-43 0.1942 -0.0962 0.9762
0 0.46194 0.191342 0 3.11088e-43 0.0576 0.9553 0.2898
0.073223 0.46194 0.176777 0 3.11088e-43 0.0576 0.9553 0.2898
0 0.490393 0.097545 0 3.11088e-43 0.0576 0.9553 0.2898
0 -0.191342 0.46194 0 3.11088e-43 0.187 -0.2852 0.9401
0.176777 -0.191342 0.426777 0 3.11088e-43 0.187 -0.2852 0.9401
0 -0.097545 0.490392 0 3.11088e-43 0.187 -0.2852 0.9401
0 0.415735 0.277785 0 3.11088e-43 0.0934 0.8781 0.4693
0.106304 0.415735 0.25664 0 3.11088e-43 0.0934 0.8781 0.4693
0 0.46194 0.191342 0 3.11088e-43 0.0934 0.8781 0.4693
0.159095 -0.277785 0.384089 0 3.11088e-43 0.1728 -0.4643 0.8687
0.176777 -0.191342 0.426777 0 3.11088e-43 0.1728 -0.4643 0.8687
0 -0.277785 0.415735 0 3.11088e-43 0.1728 -0.4643 0.8687
0.135299 0.353553 0.326641 0 3.11088e-43 0.1252 0.7669 0.6294
0.106304 0.415735 0.25664 0 3.11088e-43 0.1252 0.7669 0.6294
0 0.353553 0.353553 0 3.11088e-43 0.1252 0.7669 0.6294
0.135299 -0.353553 0.326641 0 3.11088e-43 0.152 -0.627 0.764
0.159095 -0.277785 0.384089 0 3.11088e-43 0.152 -0.627 0.764
0 -0.353553 0.353553 0 3.11088e-43 0.152 -0.627 0.764
0 0.277785 0.415735 0 3.11088e-43 0.152 0.627 0.764
0.159095 0.277785 0.384089 0 3.11088e-43 0.152 0.627 0.764
0 0.353553 0.353553 0 3.11088e-43 0.152 0.627 0.764
0 -0.415735 0.277785 0 3.11088e-43 0.1252 -0.7669 0.6294
0.106304 -0.415735 0.25664 0 3.11088e-43 0.1252 -0.7669 0.6294
0 -0.353553 0.353553 0 3.11088e-43 0.1252 -0.7669 0.6294
0 0.191342 0.46194 0 3.11088e-43 0.1728 0.4643 0.8687
0.176777 0.191342 0.426777 0 3.11088e-43 0.1728 0.4643 0.8687
0 0.277785 0.415735 0 3.11088e-43 0.1728 0.4643 0.8687
0.293969 0.277785 0.293969 0 3.11088e-43 0.4328 0.627 0.6477
0.25 0.353553 0.25 0 3.11088e-43 0.4328 0.627 0.6477
0.159095 0.277785 0.384089 0 3.11088e-43 0.4328 0.627 0.6477
0.106304 -0.415735 0.25664 0 3.11088e-43 0.3565 -0.7669 0.5336
0.196424 -0.415735 0.196424 0 3.11088e-43 0.3565 -0.7669 0.5336
0.135299 -0.353553 0.326641 0 3.11088e-43 0.3565 -0.7669 0.5336
0.326641 0.191342 0.326641 0 3.11088e-43 0.4921 0.4643 0.7364
0.293969 0.277785 0.293969 0 3.11088e-43 0.4921 0.4643 0.7364
0.176777 0.191342 0.426777 0 3.11088e-43 0.4921 0.4643 0.7364
0.135299 -0.46194 0.135299 0 3.11088e-43 0.2659 -0.8781 0.3979
0.196424 -0.415735 0.196424 0 3.11088e-43 0.2659 -0.8781 0.3979
0.073223 -0.46194 0.176777 0 3.11088e-43 0.2659 -0.8781 0.3979
0.34676 0.097545 0.34676 0 3.11088e-43 0.5325 0.2852 0.7969
0.326641 0.191342 0.326641 0 3.11088e-43 0.5325 0.2852 0.7969
0.187665 0.097545 0.453064 0 3.11088e-43 0.5325 0.2852 0.7969
0.068975 -0.490393 0.068975 0 3.11088e-43 0.1642 -0.9553 0.2457
0.135299 -0.46194 0.135299 0 3.11088e-43 0.1642 -0.9553 0.2457
0.037329 -0.490393 0.09012 0 3.11088e-43 0.1642 -0.9553 0.2457
0.191342 0 0.46194 0 3.11088e-43 0.553 0.0962 0.8276
0.353554 0 0.353553 0 3.11088e-43 0.553 0.0962 0.8276
0.187665 0.097545 0.453064 0 3.11088e-43 0.553 0.0962 0.8276
0.068975 0.490393 0.068975 0 3.11088e-43 0.0555 0.995 0.0831
-0 0.5 -0 0 3.11088e-43 0.0555 0.995 0.0831
0.037329 0.490393 0.09012 0 3.11088e-43 0.0555 0.995 0.0831
0.068975 -0.490393 0.068975 0 3.11088e-43 0.0555 -0.995 0.0831
0.037329 -0.490393 0.09012 0 3.11088e-43 0.0555 -0.995 0.0831
0 -0.5 -0 0 3.11088e-43 0.0555 -0.995 0.0831
0.187665 -0.097545 0.453064 0 3.11088e-43 0.553 -0.0962 0.8276
0.34676 -0.097545 0.34676 0 3.11088e-43 0.553 -0.0962 0.8276
0.191342 0 0.46194 0 3.11088e-43 0.553 -0.0962 0.8276
0.073223 0.46194 0.176777 0 3.11088e-43 0.1642 0.9553 0.2457
0.135299 0.46194 0.135299 0 3.11088e-43 0.1642 0.9553 0.2457
0.037329 0.490393 0.09012 0 3.11088e-43 0.1642 0.9553 0.2457
0.326641 -0.191342 0.326641 0 3.11088e-43 0.5325 -0.2852 0.7969
0.34676 -0.097545 0.34676 0 3.11088e-43 0.5325 -0.2852 0.7969
0.176777 -0.191342 0.426777 0 3.11088e-43 0.5325 -0.2852 0.7969
0.106304 0.415735 0.25664 0 3.11088e-43 0.2659 0.8781 0.3979
0.196424 0.415735 0.196424 0 3.11088e-43 0.2659 0.8781 0.3979
0.073223 0.46194 0.176777 0 3.11088e-43 0.2659 0.8781 0.3979
0.159095 -0.277785 0.384089 0 3.11088e-43 0.4921 -0.4643 0.7364
0.293969 -0.277785 0.293969 0 3.11088e-43 0.4921 -0.4643 0.7364
0.176777 -0.191342 0.426777 0 3.11088e-43 0.4921 -0.4643 0.7364
0.135299 0.353553 0.326641 0 3.11088e-43 0.3565 0.7669 0.5336
0.25 0.353553 0.25 0 3.11088e-43 0.3565 0.7669 0.5336
0.106304 0.415735 0.25664 0 3.11088e-43 0.3565 0.7669 0.5336
0.135299 -0.353553 0.326641 0 3.11088e-43 0.4328 -0.627 0.6477
0.25 -0.353553 0.25 0 3.11088e-43 0.4328 -0.627 0.6477
0.159095 -0.277785 0.384089 0 3.11088e-43 0.4328 -0.627 0.6477
0.34676 -0.097545 0.34676 0 3.11088e-43 0.8276 -0.0962 0.553
0.453064 -0.097545 0.187665 0 3.11088e-43 0.8276 -0.0962 0.553
0.353554 0 0.353553 0 3.11088e-43 0.8276 -0.0962 0.553
0.135299 0.46194 0.135299 0 3.11088e-43 0.2457 0.9553 0.1642
0.176777 0.46194 0.073223 0 3.11088e-43 0.2457 0.9553 0.1642
0.068975 0.490393 0.068975 0 3.11088e-43 0.2457 0.9553 0.1642
0.426777 -0.191342 0.176777 0 3.11088e-43 0.7969 -0.2852 0.5325
0.453064 -0.097545 0.187665 0 3.11088e-43 0.7969 -0.2852 0.5325
0.326641 -0.191342 0.326641 0 3.11088e-43 0.7969 -0.2852 0.5325
0.196424 0.415735 0.196424 0 3.11088e-43 0.3979 0.8781 0.2659
0.25664 0.415735 0.106304 0 3.11088e-43 0.3979 0.8781 0.2659
0.135299 0.46194 0.135299 0 3.11088e-43 0.3979 0.8781 0.2659
0.293969 -0.277785 0.293969 0 3.11088e-43 0.7364 -0.4643 0.4921
0.384089 -0.277785 0.159095 0 3.11088e-43 0.7364 -0.4643 0.4921
0.326641 -0.191342 0.326641 0 3.11088e-43 0.7364 -0.4643 0.4921
0.25 0.353553 0.25 0 3.11088e-43 0.5336 0.7669 0.3565
0.326641 0.353553 0.135299 0 3.11088e-43 0.5336 0.7669 0.3565
0.196424 0.415735 0.196424 0 3.11088e-43 0.5336 0.7669 0.3565
0.326641 -0.353553 0.135299 0 3.11088e-43 0.6477 -0.627 0.4328
0.384089 -0.277785 0.159095 0 3.11088e-43 0.6477 -0.627 0.4328
0.25 -0.353553 0.25 0 3.11088e-43 0.6477 -0.627 0.4328
0.293969 0.277785 0.293969 0 3.11088e-43 0.6477 0.627 0.4328
0.384089 0.277785 0.159095 0 3.11088e-43 0.6477 0.627 0.4328
0.25 0.353553 0.25 0 3.11088e-43 0.6477 0.627 0.4328
0.25664 -0.415735 0.106304 0 3.11088e-43 0.5336 -0.7669 0.3565
0.326641 -0.353553 0.135299 0 3.11088e-43 0.5336 -0.7669 0.3565
0.196424 -0.415735 0.196424 0 3.11088e-43 0.5336 -0.7669 0.3565
0.326641 0.191342 0.326641 0 3.11088e-43 0.7364 0.4643 0.4921
0.426777 0.191342 0.176777 0 3.11088e-43 0.7364 0.4643 0.4921
0.293969 0.277785 0.293969 0 3.11088e-43 0.7364 0.4643 0.4921
0.176777 -0.46194 0.073223 0 3.11088e-43 0.3979 -0.8781 0.2659
0.25664 -0.415735 0.106304 0 3.11088e-43 0.3979 -0.8781 0.2659
0.135299 -0.46194 0.135299 0 3.11088e-43 0.3979 -0.8781 0.2659
0.34676 0.097545 0.34676 0 3.11088e-43 0.7969 0.2852 0.5325
0.453064 0.097545 0.187665 0 3.11088e-43 0.7969 0.2852 0.5325
0.326641 0.191342 0.326641 0 3.11088e-43 0.7969 0.2852 0.5325
0.068975 -0.490393 0.068975 0 3.11088e-43 0.2457 -0.9553 0.1642
0.09012 -0.490393 0.037329 0 3.11088e-43 0.2457 -0.9553 0.1642
0.135299 -0.46194 0.135299 0 3.11088e-43 0.2457 -0.9553 0.1642
0.46194 0 0.191342 0 3.11088e-43 0.8276 0.0962 0.553
0.453064 0.097545 0.187665 0 3.11088e-43 0.8276 0.0962 0.553
0.353554 0 0.353553 0 3.11088e-43 0.8276 0.0962 0.553
0.09012 0.490393 0.037329 0 3.11088e-43 0.0831 0.995 0.0555
-0 0.5 -0 0 3.11088e-43 0.0831 0.995 0.0555
0.068975 0.490393 0.068975 0 3.11088e-43 0.0831 0.995 0.0555
0.09012 -0.490393 0.037329 0 3.11088e-43 0.0831 -0.995 0.0555
0.068975 -0.490393 0.068975 0 3.11088e-43 0.0831 -0.995 0.0555
0 -0.5 -0 0 3.11088e-43 0.0831 -0.995 0.0555
0.277785 -0.415735 -0 0 3.11088e-43 0.6294 -0.7669 0.1252
0.353554 -0.353553 -0 0 3.11088e-43 0.6294 -0.7669 0.1252
0.25664 -0.415735 0.106304 0 3.11088e-43 0.6294 -0.7669 0.1252
0.426777 0.191342 0.176777 0 3.11088e-43 0.8687 0.4643 0.1728
0.46194 0.191342 -0 0 3.11088e-43 0.8687 0.4643 0.1728
0.384089 0.277785 0.159095 0 3.11088e-43 0.8687 0.4643 0.1728
0.191342 -0.46194 -0 0 3.11088e-43 0.4693 -0.8781 0.0934
0.277785 -0.415735 -0 0 3.11088e-43 0.4693 -0.8781 0.0934
0.176777 -0.46194 0.073223 0 3.11088e-43 0.4693 -0.8781 0.0934
0.453064 0.097545 0.187665 0 3.11088e-43 0.9401 0.2852 0.187
0.490393 0.097545 -0 0 3.11088e-43 0.9401 0.2852 0.187
0.426777 0.191342 0.176777 0 3.11088e-43 0.9401 0.2852 0.187
0.09012 -0.490393 0.037329 0 3.11088e-43 0.2898 -0.9553 0.0576
0.097545 -0.490393 -0 0 3.11088e-43 0.2898 -0.9553 0.0576
0.176777 -0.46194 0.073223 0 3.11088e-43 0.2898 -0.9553 0.0576
0.5 0 -0 0 3.11088e-43 0.9762 0.0962 0.1942
0.490393 0.097545 -0 0 3.11088e-43 0.9762 0.0962 0.1942
0.46194 0 0.191342 0 3.11088e-43 0.9762 0.0962 0.1942
0.097545 0.490393 -0 0 3.11088e-43 0.098 0.995 0.0195
-0 0.5 -0 0 3.11088e-43 0.098 0.995 0.0195
0.09012 0.490393 0.037329 0 3.11088e-43 0.098 0.995 0.0195
0.097545 -0.490393 -0 0 3.11088e-43 0.098 -0.995 0.0195
0.09012 -0.490393 0.037329 0 3.11088e-43 0.098 -0.995 0.0195
0 -0.5 -0 0 3.11088e-43 0.098 -0.995 0.0195
0.453064 -0.097545 0.187665 0 3.11088e-43 0.9762 -0.0962 0.1942
0.490393 -0.097545 -0 0 3.11088e-43 0.9762 -0.0962 0.1942
0.46194 0 0.191342 0 3.11088e-43 0.9762 -0.0962 0.1942
0.176777 0.46194 0.073223 0 3.11088e-43 0.2898 0.9553 0.0576
0.191342 0.46194 -0 0 3.11088e-43 0.2898 0.9553 0.0576
0.09012 0.490393 0.037329 0 3.11088e-43 0.2898 0.9553 0.0576
0.46194 -0.191342 -0 0 3.11088e-43 0.9401 -0.2852 0.187
0.490393 -0.097545 -0 0 3.11088e-43 0.9401 -0.2852 0.187
0.426777 -0.191342 0.176777 0 3.11088e-43 0.9401 -0.2852 0.187
0.25664 0.415735 0.106304 0 3.11088e-43 0.4693 0.8781 0.0934
0.277785 0.415735 -0 0 3.11088e-43 0.4693 0.8781 0.0934
0.176777 0.46194 0.073223 0 3.11088e-43 0.4693 0.8781 0.0934
0.384089 -0.277785 0.159095 0 3.11088e-43 0.8687 -0.4643 0.1728
0.415735 -0.277785 -0 0 3.11088e-43 0.8687 -0.4643 0.1728
0.426777 -0.191342 0.176777 0 3.11088e-43 0.8687 -0.4643 0.1728
0.326641 0.353553 0.135299 0 3.11088e-43 0.6294 0.7669 0.1252
0.353554 0.353553 -0 0 3.11088e-43 0.6294 0.7669 0.1252
0.25664 0.415735 0.106304 0 3.11088e-43 0.6294 0.7669 0.1252
0.353554 -0.353553 -0 0 3.11088e-43 0.764 -0.627 0.152
0.415735 -0.277785 -0 0 3.11088e-43 0.764 -0.627 0.152
0.326641 -0.353553 0.135299 0 3.11088e-43 0.764 -0.627 0.152
0.384089 0.277785 0.159095 0 3.11088e-43 0.764 0.627 0.152
0.415735 0.277785 -0 0 3.11088e-43 0.764 0.627 0.152
0.326641 0.353553 0.135299 0 3.11088e-43 0.764 0.627 0.152
0.426777 -0.191342 -0.176777 0 3.11088e-43 0.9401 -0.2852 -0.187
0.453064 -0.097545 -0.187665 0 3.11088e-43 0.9401 -0.2852 -0.187
0.46194 -0.191342 -0 0 3.11088e-43 0.9401 -0.2852 -0.187
0.277785 0.415735 -0 0 3.11088e-43 0.4693 0.8781 -0.0934
0.25664 0.415735 -0.106304 0 3.11088e-43 0.4693 0.8781 -0.0934
0.191342 0.46194 -0 0 3.11088e-43 0.4693 0.8781 -0.0934
0.415735 -0.277785 -0 0 3.11088e-43 0.8687 -0.4643 -0.1728
0.384089 -0.277785 -0.159095 0 3.11088e-43 0.8687 -0.4643 -0.1728
0.46194 -0.191342 -0 0 3.11088e-43 0.8687 -0.4643 -0.1728
0.353554 0.353553 -0 0 3.11088e-43 0.6294 0.7669 -0.1252
0.326641 0.353553 -0.135299 0 3.11088e-43 0.6294 0.7669 -0.1252
0.277785 0.415735 -0 0 3.11088e-43 0.6294 0.7669 -0.1252
0.353554 -0.353553 -0 0 3.11088e-43 0.764 -0.627 -0.152
0.326641 -0.353553 -0.135299 0 3.11088e-43 0.764 -0.627 -0.152
0.415735 -0.277785 -0 0 3.11088e-43 0.764 -0.627 -0.152
0.415735 0.277785 -0 0 3.11088e-43 0.764 0.627 -0.152
0.384089 0.277785 -0.159095 0 3.11088e-43 0.764 0.627 -0.152
0.353554 0.353553 -0 0 3.11088e-43 0.764 0.627 -0.152
0.25664 -0.415735 -0.106304 0 3.11088e-43 0.6294 -0.7669 -0.1252
0.326641 -0.353553 -0.135299 0 3.11088e-43 0.6294 -0.7669 -0.1252
0.277785 -0.415735 -0 0 3.11088e-43 0.6294 -0.7669 -0.1252
0.46194 0.191342 -0 0 3.11088e-43 0.8687 0.4643 -0.1728
0.426777 0.191342 -0.176777 0 3.11088e-43 0.8687 0.4643 -0.1728
0.415735 0.277785 -0 0 3.11088e-43 0.8687 0.4643 -0.1728
0.176777 -0.46194 -0.073224 0 3.11088e-43 0.4693 -0.8781 -0.0934
0.25664 -0.415735 -0.106304 0 3.11088e-43 0.4693 -0.8781 -0.0934
0.191342 -0.46194 -0 0 3.11088e-43 0.4693 -0.8781 -0.0934
0.490393 0.097545 -0 0 3.11088e-43 0.9401 0.2852 -0.187
0.453064 0.097545 -0.187665 0 3.11088e-43 0.9401 0.2852 -0.187
0.46194 0.191342 -0 0 3.11088e-43 0.9401 0.2852 -0.187
0.097545 -0.490393 -0 0 3.11088e-43 0.2898 -0.9553 -0.0576
0.09012 -0.490393 -0.037329 0 3.11088e-43 0.2898 -0.9553 -0.0576
0.191342 -0.46194 -0 0 3.11088e-43 0.2898 -0.9553 -0.0576
0.46194 0 -0.191342 0 3.11088e-43 0.9762 0.0962 -0.1942
0.453064 0.097545 -0.187665 0 3.11088e-43 0.9762 0.0962 -0.1942
0.5 0 -0 0 3.11088e-43 0.9762 0.0962 -0.1942
0.09012 0.490393 -0.037329 0 3.11088e-43 0.098 0.995 -0.0195
-0 0.5 -0 0 3.11088e-43 0.098 0.995 -0.0195
0.097545 0.490393 -0 0 3.11088e-43 0.098 0.995 -0.0195
0.09012 -0.490393 -0.037329 0 3.11088e-43 0.098 -0.995 -0.0195
0.097545 -0.490393 -0 0 3.11088e-43 0.098 -0.995 -0.0195
0 -0.5 -0 0 3.11088e-43 0.098 -0.995 -0.0195
0.490393 -0.097545 -0 0 3.11088e-43 0.9762 -0.0962 -0.1942
0.453064 -0.097545 -0.187665 0 3.11088e-43 0.9762 -0.0962 -0.1942
0.5 0 -0 0 3.11088e-43 0.9762 -0.0962 -0.1942
0.191342 0.46194 -0 0 3.11088e-43 0.2898 0.9553 -0.0576
0.176777 0.46194 -0.073224 0 3.11088e-43 0.2898 0.9553 -0.0576
0.097545 0.490393 -0 0 3.11088e-43 0.2898 0.9553 -0.0576
0.135299 -0.46194 -0.135299 0 3.11088e-43 0.3979 -0.8781 -0.2659
0.196424 -0.415735 -0.196424 0 3.11088e-43 0.3979 -0.8781 -0.2659
0.176777 -0.46194 -0.073224 0 3.11088e-43 0.3979 -0.8781 -0.2659
0.453064 0.097545 -0.187665 0 3.11088e-43 0.7969 0.2852 -0.5325
0.34676 0.097545 -0.34676 0 3.11088e-43 0.7969 0.2852 -0.5325
0.426777 0.191342 -0.176777 0 3.11088e-43 0.7969 0.2852 -0.5325
0.09012 -0.490393 -0.037329 0 3.11088e-43 0.2457 -0.9553 -0.1642
0.068975 -0.490393 -0.068975 0 3.11088e-43 0.2457 -0.9553 -0.1642
0.176777 -0.46194 -0.073224 0 3.11088e-43 0.2457 -0.9553 -0.1642
0.353553 0 -0.353554 0 3.11088e-43 0.8276 0.0962 -0.553
0.34676 0.097545 -0.34676 0 3.11088e-43 0.8276 0.0962 -0.553
0.46194 0 -0.191342 0 3.11088e-43 0.8276 0.0962 -0.553
0.068975 0.490393 -0.068975 0 3.11088e-43 0.0831 0.995 -0.0555
-0 0.5 -0 0 3.11088e-43 0.0831 0.995 -0.0555
0.09012 0.490393 -0.037329 0 3.11088e-43 0.0831 0.995 -0.0555
0.068975 -0.490393 -0.068975 0 3.11088e-43 0.0831 -0.995 -0.0555
0.09012 -0.490393 -0.037329 0 3.11088e-43 0.0831 -0.995 -0.0555
0 -0.5 -0 0 3.11088e-43 0.0831 -0.995 -0.0555
0.453064 -0.097545 -0.187665 0 3.11088e-43 0.8276 -0.0962 -0.553
0.34676 -0.097545 -0.34676 0 3.11088e-43 0.8276 -0.0962 -0.553
0.46194 0 -0.191342 0 3.11088e-43 0.8276 -0.0962 -0.553
0.176777 0.46194 -0.073224 0 3.11088e-43 0.2457 0.9553 -0.1642
0.135299 0.46194 -0.135299 0 3.11088e-43 0.2457 0.9553 -0.1642
0.09012 0.490393 -0.037329 0 3.11088e-43 0.2457 0.9553 -0.1642
0.326641 -0.191342 -0.326641 0 3.11088e-43 0.7969 -0.2852 -0.5325
0.34676 -0.097545 -0.34676 0 3.11088e-43 0.7969 -0.2852 -0.5325
0.426777 -0.191342 -0.176777 0 3.11088e-43 0.7969 -0.2852 -0.5325
0.25664 0.415735 -0.106304 0 3.11088e-43 0.3979 0.8781 -0.2659
0.196424 0.415735 -0.196424 0 3.11088e-43 0.3979 0.8781 -0.2659
0.176777 0.46194 -0.073224 0 3.11088e-43 0.3979 0.8781 -0.2659
0.384089 -0.277785 -0.159095 0 3.11088e-43 0.7364 -0.4643 -0.4921
0.293969 -0.277785 -0.293969 0 3.11088e-43 0.7364 -0.4643 -0.4921
0.426777 -0.191342 -0.176777 0 3.11088e-43 0.7364 -0.4643 -0.4921
0.326641 0.353553 -0.135299 0 3.11088e-43 0.5336 0.7669 -0.3565
0.25 0.353553 -0.25 0 3.11088e-43 0.5336 0.7669 -0.3565
0.25664 0.415735 -0.106304 0 3.11088e-43 0.5336 0.7669 -0.3565
0.326641 -0.353553 -0.135299 0 3.11088e-43 0.6477 -0.627 -0.4328
0.25 -0.353553 -0.25 0 3.11088e-43 0.6477 -0.627 -0.4328
0.384089 -0.277785 -0.159095 0 3.11088e-43 0.6477 -0.627 -0.4328
0.293969 0.277785 -0.293969 0 3.11088e-43 0.6477 0.627 -0.4328
0.25 0.353553 -0.25 0 3.11088e-43 0.6477 0.627 -0.4328
0.384089 0.277785 -0.159095 0 3.11088e-43 0.6477 0.627 -0.4328
0.196424 -0.415735 -0.196424 0 3.11088e-43 0.5336 -0.7669 -0.3565
0.25 -0.353553 -0.25 0 3.11088e-43 0.5336 -0.7669 -0.3565
0.25664 -0.415735 -0.106304 0 3.11088e-43 0.5336 -0.7669 -0.3565
0.426777 0.191342 -0.176777 0 3.11088e-43 0.7364 0.4643 -0.4921
0.326641 0.191342 -0.326641 0 3.11088e-43 0.7364 0.4643 -0.4921
0.384089 0.277785 -0.159095 0 3.11088e-43 0.7364 0.4643 -0.4921
0.196424 0.415735 -0.196424 0 3.11088e-43 0.2659 0.8781 -0.3979
0.106304 0.415735 -0.25664 0 3.11088e-43 0.2659 0.8781 -0.3979
0.135299 0.46194 -0.135299 0 3.11088e-43 0.2659 0.8781 -0.3979
0.293969 -0.277785 -0.293969 0 3.11088e-43 0.4921 -0.4643 -0.7364
0.159095 -0.277785 -0.384089 0 3.11088e-43 0.4921 -0.4643 -0.7364
0.326641 -0.191342 -0.326641 0 3.11088e-43 0.4921 -0.4643 -0.7364
0.25 0.353553 -0.25 0 3.11088e-43 0.3565 0.7669 -0.5336
0.135299 0.353553 -0.326641 0 3.11088e-43 0.3565 0.7669 -0.5336
0.196424 0.415735 -0.196424 0 3.11088e-43 0.3565 0.7669 -0.5336
0.25 -0.353553 -0.25 0 3.11088e-43 0.4328 -0.627 -0.6477
0.135299 -0.353553 -0.326641 0 3.11088e-43 0.4328 -0.627 -0.6477
0.293969 -0.277785 -0.293969 0 3.11088e-43 0.4328 -0.627 -0.6477
0.159095 0.277785 -0.384089 0 3.11088e-43 0.4328 0.627 -0.6477
0.135299 0.353553 -0.326641 0 3.11088e-43 0.4328 0.627 -0.6477
0.293969 0.277785 -0.293969 0 3.11088e-43 0.4328 0.627 -0.6477
0.106304 -0.415735 -0.25664 0 3.11088e-43 0.3565 -0.7669 -0.5336
0.135299 -0.353553 -0.326641 0 3.11088e-43 0.3565 -0.7669 -0.5336
0.196424 -0.415735 -0.196424 0 3.11088e-43 0.3565 -0.7669 -0.5336
0.326641 0.191342 -0.326641 0 3.11088e-43 0.4921 0.4643 -0.7364
0.176777 0.191342 -0.426777 0 3.11088e-43 0.4921 0.4643 -0.7364
0.293969 0.277785 -0.293969 0 3.11088e-43 0.4921 0.4643 -0.7364
0.073223 -0.46194 -0.176777 0 3.11088e-43 0.2659 -0.8781 -0.3979
0.106304 -0.415735 -0.25664 0 3.11088e-43 0.2659 -0.8781 -0.3979
0.135299 -0.46194 -0.135299 0 3.11088e-43 0.2659 -0.8781 -0.3979
0.34676 0.097545 -0.34676 0 3.11088e-43 0.5325 0.2852 -0.7969
0.187665 0.097545 -0.453064 0 3.11088e-43 0.5325 0.2852 -0.7969
0.326641 0.191342 -0.326641 0 3.11088e-43 0.5325 0.2852 -0.7969
0.068975 -0.490393 -0.068975 0 3.11088e-43 0.1642 -0.9553 -0.2457
0.037329 -0.490393 -0.09012 0 3.11088e-43 0.1642 -0.9553 -0.2457
0.135299 -0.46194 -0.135299 0 3.11088e-43 0.1642 -0.9553 -0.2457
0.191342 0 -0.46194 0 3.11088e-43 0.553 0.0962 -0.8276
0.187665 0.097545 -0.453064 0 3.11088e-43 0.553 0.0962 -0.8276
0.353553 0 -0.353554 0 3.11088e-43 0.553 0.0962 -0.8276
0.037329 0.490393 -0.09012 0 3.11088e-43 0.0555 0.995 -0.0831
-0 0.5 -0 0 3.11088e-43 0.0555 0.995 -0.0831
0.068975 0.490393 -0.068975 0 3.11088e-43 0.0555 0.995 -0.0831
0.037329 -0.490393 -0.09012 0 3.11088e-43 0.0555 -0.995 -0.0831
0.068975 -0.490393 -0.068975 0 3.11088e-43 0.0555 -0.995 -0.0831
0 -0.5 -0 0 3.11088e-43 0.0555 -0.995 -0.0831
0.34676 -0.097545 -0.34676 0 3.11088e-43 0.553 -0.0962 -0.8276
0.187665 -0.097545 -0.453064 0 3.11088e-43 0.553 -0.0962 -0.8276
0.353553 0 -0.353554 0 3.11088e-43 0.553 -0.0962 -0.8276
0.135299 0.46194 -0.135299 0 3.11088e-43 0.1642 0.9553 -0.2457
0.073223 0.46194 -0.176777 0 3.11088e-43 0.1642 0.9553 -0.2457
0.068975 0.490393 -0.068975 0 3.11088e-43 0.1642 0.9553 -0.2457
0.176777 -0.191342 -0.426777 0 3.11088e-43 0.5325 -0.2852 -0.7969
0.187665 -0.097545 -0.453064 0 3.11088e-43 0.5325 -0.2852 -0.7969
0.326641 -0.191342 -0.326641 0 3.11088e-43 0.5325 -0.2852 -0.7969
0.187665 0.097545 -0.453064 0 3.11088e-43 0.187 0.2852 -0.9401
-0 0.097545 -0.490393 0 3.11088e-43 0.187 0.2852 -0.9401
0.176777 0.191342 -0.426777 0 3.11088e-43 0.187 0.2852 -0.9401
0.037329 -0.490393 -0.09012 0 3.11088e-43 0.0576 -0.9553 -0.2898
-0 -0.490393 -0.097545 0 3.11088e-43 0.0576 -0.9553 -0.2898
0.073223 -0.46194 -0.176777 0 3.11088e-43 0.0576 -0.9553 -0.2898
-0 0 -0.5 0 3.11088e-43 0.1942 0.0962 -0.9762
-0 0.097545 -0.490393 0 3.11088e-43 0.1942 0.0962 -0.9762
0.191342 0 -0.46194 0 3.11088e-43 0.1942 0.0962 -0.9762
-0 0.490393 -0.097545 0 3.11088e-43 0.0195 0.995 -0.098
-0 0.5 -0 0 3.11088e-43 0.0195 0.995 -0.098
0.037329 0.490393 -0.09012 0 3.11088e-43 0.0195 0.995 -0.098
-0 -0.490393 -0.097545 0 3.11088e-43 0.0195 -0.995 -0.098
0.037329 -0.490393 -0.09012 0 3.11088e-43 0.0195 -0.995 -0.098
0 -0.5 -0 0 3.11088e-43 0.0195 -0.995 -0.098
0.187665 -0.097545 -0.453064 0 3.11088e-43 0.1942 -0.0962 -0.9762
-0 -0.097545 -0.490393 0 3.11088e-43 0.1942 -0.0962 -0.9762
0.191342 0 -0.46194 0 3.11088e-43 0.1942 -0.0962 -0.9762
0.073223 0.46194 -0.176777 0 3.11088e-43 0.0576 0.9553 -0.2898
-0 0.46194 -0.191342 0 3.11088e-43 0.0576 0.9553 -0.2898
0.037329 0.490393 -0.09012 0 3.11088e-43 0.0576 0.9553 -0.2898
-0 -0.191342 -0.46194 0 3.11088e-43 0.187 -0.2852 -0.9401
-0 -0.097545 -0.490393 0 3.11088e-43 0.187 -0.2852 -0.9401
0.176777 -0.191342 -0.426777 0 3.11088e-43 0.187 -0.2852 -0.9401
0.106304 0.415735 -0.25664 0 3.11088e-43 0.0934 0.8781 -0.4693
-0 0.415735 -0.277785 0 3.11088e-43 0.0934 0.8781 -0.4693
0.073223 0.46194 -0.176777 0 3.11088e-43 0.0934 0.8781 -0.4693
0.159095 -0.277785 -0.384089 0 3.11088e-43 0.1728 -0.4643 -0.8687
-0 -0.277785 -0.415735 0 3.11088e-43 0.1728 -0.4643 -0.8687
0.176777 -0.191342 -0.426777 0 3.11088e-43 0.1728 -0.4643 -0.8687
0.135299 0.353553 -0.326641 0 3.11088e-43 0.1252 0.7669 -0.6294
-0 0.353553 -0.353554 0 3.11088e-43 0.1252 0.7669 -0.6294
0.106304 0.415735 -0.25664 0 3.11088e-43 0.1252 0.7669 -0.6294
0.135299 -0.353553 -0.326641 0 3.11088e-43 0.152 -0.627 -0.764
-0 -0.353553 -0.353554 0 3.11088e-43 0.152 -0.627 -0.764
0.159095 -0.277785 -0.384089 0 3.11088e-43 0.152 -0.627 -0.764
-0 0.277785 -0.415735 0 3.11088e-43 0.152 0.627 -0.764
-0 0.353553 -0.353554 0 3.11088e-43 0.152 0.627 -0.764
0.159095 0.277785 -0.384089 0 3.11088e-43 0.152 0.627 -0.764
-0 -0.415735 -0.277785 0 3.11088e-43 0.1252 -0.7669 -0.6294
-0 -0.353553 -0.353554 0 3.11088e-43 0.1252 -0.7669 -0.6294
0.106304 -0.415735 -0.25664 0 3.11088e-43 0.1252 -0.7669 -0.6294
0.176777 0.191342 -0.426777 0 3.11088e-43 0.1728 0.4643 -0.8687
-0 0.191342 -0.46194 0 3.11088e-43 0.1728 0.4643 -0.8687
0.159095 0.277785 -0.384089 0 3.11088e-43 0.1728 0.4643 -0.8687
-0 -0.46194 -0.191342 0 3.11088e-43 0.0934 -0.8781 -0.4693
-0 -0.415735 -0.277785 0 3.11088e-43 0.0934 -0.8781 -0.4693
0.073223 -0.46194 -0.176777 0 3.11088e-43 0.0934 -0.8781 -0.4693
-0.159095 -0.277785 -0.384089 0 3.11088e-43 -0.1728 -0.4643 -0.8687
-0.176777 -0.191342 -0.426777 0 3.11088e-43 -0.1728 -0.4643 -0.8687
-0 -0.277785 -0.415735 0 3.11088e-43 -0.1728 -0.4643 -0.8687
-0 0.353553 -0.353554 0 3.11088e-43 -0.1252 0.7669 -0.6294
-0.135299 0.353553 -0.326641 0 3.11088e-43 -0.1252 0.7669 -0.6294
-0 0.415735 -0.277785 0 3.11088e-43 -0.1252 0.7669 -0.6294
-0 -0.353553 -0.353554 0 3.11088e-43 -0.152 -0.627 -0.764
-0.135299 -0.353553 -0.326641 0 3.11088e-43 -0.152 -0.627 -0.764
-0 -0.277785 -0.415735 0 3.11088e-43 -0.152 -0.627 -0.764
-0.159095 0.277785 -0.384089 0 3.11088e-43 -0.152 0.627 -0.764
-0.135299 0.353553 -0.326641 0 3.11088e-43 -0.152 0.627 -0.764
-0 0.277785 -0.415735 0 3.11088e-43 -0.152 0.627 -0.764
-0.106304 -0.415735 -0.25664 0 3.11088e-43 -0.1252 -0.7669 -0.6294
-0.135299 -0.353553 -0.326641 0 3.11088e-43 -0.1252 -0.7669 -0.6294
-0 -0.415735 -0.277785 0 3.11088e-43 -0.1252 -0.7669 -0.6294
-0 0.191342 -0.46194 0 3.11088e-43 -0.1728 0.4643 -0.8687
-0.176777 0.191342 -0.426777 0 3.11088e-43 -0.1728 0.4643 -0.8687
-0 0.277785 -0.415735 0 3.11088e-43 -0.1728 0.4643 -0.8687
-0.073223 -0.46194 -0.176777 0 3.11088e-43 -0.0934 -0.8781 -0.4693
-0.106304 -0.415735 -0.25664 0 3.11088e-43 -0.0934 -0.8781 -0.4693
-0 -0.46194 -0.191342 0 3.11088e-43 -0.0934 -0.8781 -0.4693
-0 0.097545 -0.490393 0 3.11088e-43 -0.187 0.2852 -0.9401
-0.187665 0.097545 -0.453064 0 3.11088e-43 -0.187 0.2852 -0.9401
-0 0.191342 -0.46194 0 3.11088e-43 -0.187 0.2852 -0.9401
-0 -0.490393 -0.097545 0 3.11088e-43 -0.0576 -0.9553 -0.2898
-0.037329 -0.490393 -0.09012 0 3.11088e-43 -0.0576 -0.9553 -0.2898
-0 -0.46194 -0.191342 0 3.11088e-43 -0.0576 -0.9553 -0.2898
-0.191342 0 -0.46194 0 3.11088e-43 -0.1942 0.0962 -0.9762
-0.187665 0.097545 -0.453064 0 3.11088e-43 -0.1942 0.0962 -0.9762
-0 0 -0.5 0 3.11088e-43 -0.1942 0.0962 -0.9762
-0.037329 0.490393 -0.09012 0 3.11088e-43 -0.0195 0.995 -0.098
-0 0.5 -0 0 3.11088e-43 -0.0195 0.995 -0.098
-0 0.490393 -0.097545 0 3.11088e-43 -0.0195 0.995 -0.098
-0.037329 -0.490393 -0.09012 0 3.11088e-43 -0.0195 -0.995 -0.098
-0 -0.490393 -0.097545 0 3.11088e-43 -0.0195 -0.995 -0.098
0 -0.5 -0 0 3.11088e-43 -0.0195 -0.995 -0.098
-0 -0.097545 -0.490393 0 3.11088e-43 -0.1942 -0.0962 -0.9762
-0.187665 -0.097545 -0.453064 0 3.11088e-43 -0.1942 -0.0962 -0.9762
-0 0 -0.5 0 3.11088e-43 -0.1942 -0.0962 -0.9762
-0 0.46194 -0.191342 0 3.11088e-43 -0.0576 0.9553 -0.2898
-0.073223 0.46194 -0.176777 0 3.11088e-43 -0.0576 0.9553 -0.2898
-0 0.490393 -0.097545 0 3.11088e-43 -0.0576 0.9553 -0.2898
-0.176777 -0.191342 -0.426777 0 3.11088e-43 -0.187 -0.2852 -0.9401
-0.187665 -0.097545 -0.453064 0 3.11088e-43 -0.187 -0.2852 -0.9401
-0 -0.191342 -0.46194 0 3.11088e-43 -0.187 -0.2852 -0.9401
-0 0.415735 -0.277785 0 3.11088e-43 -0.0934 0.8781 -0.4693
-0.106304 0.415735 -0.25664 0 3.11088e-43 -0.0934 0.8781 -0.4693
-0 0.46194 -0.191342 0 3.11088e-43 -0.0934 0.8781 -0.4693
-0.037329 -0.490393 -0.09012 0 3.11088e-43 -0.1642 -0.9553 -0.2457
-0.068975 -0.490393 -0.068975 0 3.11088e-43 -0.1642 -0.9553 -0.2457
-0.073223 -0.46194 -0.176777 0 3.11088e-43 -0.1642 -0.9553 -0.2457
-0.353554 0 -0.353553 0 3.11088e-43 -0.553 0.0962 -0.8276
-0.34676 0.097545 -0.34676 0 3.11088e-43 -0.553 0.0962 -0.8276
-0.191342 0 -0.46194 0 3.11088e-43 -0.553 0.0962 -0.8276
-0.068975 0.490393 -0.068975 0 3.11088e-43 -0.0555 0.995 -0.0831
-0 0.5 -0 0 3.11088e-43 -0.0555 0.995 -0.0831
-0.037329 0.490393 -0.09012 0 3.11088e-43 -0.0555 0.995 -0.0831
-0.068975 -0.490393 -0.068975 0 3.11088e-43 -0.0555 -0.995 -0.0831
-0.037329 -0.490393 -0.09012 0 3.11088e-43 -0.0555 -0.995 -0.0831
0 -0.5 -0 0 3.11088e-43 -0.0555 -0.995 -0.0831
-0.187665 -0.097545 -0.453064 0 3.11088e-43 -0.553 -0.0962 -0.8276
-0.34676 -0.097545 -0.34676 0 3.11088e-43 -0.553 -0.0962 -0.8276
-0.191342 0 -0.46194 0 3.11088e-43 -0.553 -0.0962 -0.8276
-0.073223 0.46194 -0.176777 0 3.11088e-43 -0.1642 0.9553 -0.2457
-0.135299 0.46194 -0.135299 0 3.11088e-43 -0.1642 0.9553 -0.2457
-0.037329 0.490393 -0.09012 0 3.11088e-43 -0.1642 0.9553 -0.2457
-0.326641 -0.191342 -0.326641 0 3.11088e-43 -0.5325 -0.2852 -0.7969
-0.34676 -0.097545 -0.34676 0 3.11088e-43 -0.5325 -0.2852 -0.7969
-0.176777 -0.191342 -0.426777 0 3.11088e-43 -0.5325 -0.2852 -0.7969
-0.106304 0.415735 -0.25664 0 3.11088e-43 -0.2659 0.8781 -0.3979
-0.196424 0.415735 -0.196424 0 3.11088e-43 -0.2659 0.8781 -0.3979
-0.073223 0.46194 -0.176777 0 3.11088e-43 -0.2659 0.8781 -0.3979
-0.293969 -0.277785 -0.293969 0 3.11088e-43 -0.4921 -0.4643 -0.7364
-0.326641 -0.191342 -0.326641 0 3.11088e-43 -0.4921 -0.4643 -0.7364
-0.159095 -0.277785 -0.384089 0 3.11088e-43 -0.4921 -0.4643 -0.7364
-0.135299 0.353553 -0.326641 0 3.11088e-43 -0.3565 0.7669 -0.5336
-0.25 0.353553 -0.25 0 3.11088e-43 -0.3565 0.7669 -0.5336
-0.106304 0.415735 -0.25664 0 3.11088e-43 -0.3565 0.7669 -0.5336
-0.135299 -0.353553 -0.326641 0 3.11088e-43 -0.4328 -0.627 -0.6477
-0.25 -0.353553 -0.25 0 3.11088e-43 -0.4328 -0.627 -0.6477
-0.159095 -0.277785 -0.384089 0 3.11088e-43 -0.4328 -0.627 -0.6477
-0.293969 0.277785 -0.293969 0 3.11088e-43 -0.4328 0.627 -0.6477
-0.25 0.353553 -0.25 0 3.11088e-43 -0.4328 0.627 -0.6477
-0.159095 0.277785 -0.384089 0 3.11088e-43 -0.4328 0.627 -0.6477
-0.196424 -0.415735 -0.196424 0 3.11088e-43 -0.3565 -0.7669 -0.5336
-0.25 -0.353553 -0.25 0 3.11088e-43 -0.3565 -0.7669 -0.5336
-0.106304 -0.415735 -0.25664 0 3.11088e-43 -0.3565 -0.7669 -0.5336
-0.176777 0.191342 -0.426777 0 3.11088e-43 -0.4921 0.4643 -0.7364
-0.326641 0.191342 -0.326641 0 3.11088e-43 -0.4921 0.4643 -0.7364
-0.159095 0.277785 -0.384089 0 3.11088e-43 -0.4921 0.4643 -0.7364
-0.135299 -0.46194 -0.135299 0 3.11088e-43 -0.2659 -0.8781 -0.3979
-0.196424 -0.415735 -0.196424 0 3.11088e-43 -0.2659 -0.8781 -0.3979
-0.073223 -0.46194 -0.176777 0 3.11088e-43 -0.2659 -0.8781 -0.3979
-0.187665 0.097545 -0.453064 0 3.11088e-43 -0.5325 0.2852 -0.7969
-0.34676 0.097545 -0.34676 0 3.11088e-43 -0.5325 0.2852 -0.7969
-0.176777 0.191342 -0.426777 0 3.11088e-43 -0.5325 0.2852 -0.7969
-0.25 0.353553 -0.25 0 3.11088e-43 -0.5336 0.7669 -0.3565
-0.326641 0.353553 -0.135299 0 3.11088e-43 -0.5336 0.7669 -0.3565
-0.196424 0.415735 -0.196424 0 3.11088e-43 -0.5336 0.7669 -0.3565
-0.25 -0.353553 -0.25 0 3.11088e-43 -0.6477 -0.627 -0.4328
-0.326641 -0.353553 -0.135299 0 3.11088e-43 -0.6477 -0.627 -0.4328
-0.293969 -0.277785 -0.293969 0 3.11088e-43 -0.6477 -0.627 -0.4328
-0.384089 0.277785 -0.159095 0 3.11088e-43 -0.6477 0.627 -0.4328
-0.326641 0.353553 -0.135299 0 3.11088e-43 -0.6477 0.627 -0.4328
-0.293969 0.277785 -0.293969 0 3.11088e-43 -0.6477 0.627 -0.4328
-0.25664 -0.415735 -0.106304 0 3.11088e-43 -0.5336 -0.7669 -0.3565
-0.326641 -0.353553 -0.135299 0 3.11088e-43 -0.5336 -0.7669 -0.3565
-0.196424 -0.415735 -0.196424 0 3.11088e-43 -0.5336 -0.7669 -0.3565
-0.326641 0.191342 -0.326641 0 3.11088e-43 -0.7364 0.4643 -0.4921
-0.426777 0.191342 -0.176777 0 3.11088e-43 -0.7364 0.4643 -0.4921
-0.293969 0.277785 -0.293969 0 3.11088e-43 -0.7364 0.4643 -0.4921
-0.176777 -0.46194 -0.073223 0 3.11088e-43 -0.3979 -0.8781 -0.2659
-0.25664 -0.415735 -0.106304 0 3.11088e-43 -0.3979 -0.8781 -0.2659
-0.135299 -0.46194 -0.135299 0 3.11088e-43 -0.3979 -0.8781 -0.2659
-0.34676 0.097545 -0.34676 0 3.11088e-43 -0.7969 0.2852 -0.5325
-0.453064 0.097545 -0.187665 0 3.11088e-43 -0.7969 0.2852 -0.5325
-0.326641 0.191342 -0.326641 0 3.11088e-43 -0.7969 0.2852 -0.5325
-0.068975 -0.490393 -0.068975 0 3.11088e-43 -0.2457 -0.9553 -0.1642
-0.09012 -0.490393 -0.037329 0 3.11088e-43 -0.2457 -0.9553 -0.1642
-0.135299 -0.46194 -0.135299 0 3.11088e-43 -0.2457 -0.9553 -0.1642
-0.46194 0 -0.191342 0 3.11088e-43 -0.8276 0.0962 -0.553
-0.453064 0.097545 -0.187665 0 3.11088e-43 -0.8276 0.0962 -0.553
-0.353554 0 -0.353553 0 3.11088e-43 -0.8276 0.0962 -0.553
-0.09012 0.490393 -0.037329 0 3.11088e-43 -0.0831 0.995 -0.0555
-0 0.5 -0 0 3.11088e-43 -0.0831 0.995 -0.0555
-0.068975 0.490393 -0.068975 0 3.11088e-43 -0.0831 0.995 -0.0555
-0.09012 -0.490393 -0.037329 0 3.11088e-43 -0.0831 -0.995 -0.0555
-0.068975 -0.490393 -0.068975 0 3.11088e-43 -0.0831 -0.995 -0.0555
0 -0.5 -0 0 3.11088e-43 -0.0831 -0.995 -0.0555
-0.34676 -0.097545 -0.34676 0 3.11088e-43 -0.8276 -0.0962 -0.553
-0.453064 -0.097545 -0.187665 0 3.11088e-43 -0.8276 -0.0962 -0.553
-0.353554 0 -0.353553 0 3.11088e-43 -0.8276 -0.0962 -0.553
-0.135299 0.46194 -0.135299 0 3.11088e-43 -0.2457 0.9553 -0.1642
-0.176777 0.46194 -0.073223 0 3.11088e-43 -0.2457 0.9553 -0.1642
-0.068975 0.490393 -0.068975 0 3.11088e-43 -0.2457 0.9553 -0.1642
-0.426777 -0.191342 -0.176777 0 3.11088e-43 -0.7969 -0.2852 -0.5325
-0.453064 -0.097545 -0.187665 0 3.11088e-43 -0.7969 -0.2852 -0.5325
-0.326641 -0.191342 -0.326641 0 3.11088e-43 -0.7969 -0.2852 -0.5325
-0.25664 0.415735 -0.106304 0 3.11088e-43 -0.3979 0.8781 -0.2659
-0.176777 0.46194 -0.073223 0 3.11088e-43 -0.3979 0.8781 -0.2659
-0.196424 0.415735 -0.196424 0 3.11088e-43 -0.3979 0.8781 -0.2659
-0.384089 -0.277785 -0.159095 0 3.11088e-43 -0.7364 -0.4643 -0.4921
-0.426777 -0.191342 -0.176777 0 3.11088e-43 -0.7364 -0.4643 -0.4921
-0.293969 -0.277785 -0.293969 0 3.11088e-43 -0.7364 -0.4643 -0.4921
-0.5 0 0 0 3.11088e-43 -0.9762 0.0962 -0.1942
-0.490393 0.097545 -0 0 3.11088e-43 -0.9762 0.0962 -0.1942
-0.46194 0 -0.191342 0 3.11088e-43 -0.9762 0.0962 -0.1942
-0.097545 0.490393 -0 0 3.11088e-43 -0.098 0.995 -0.0195
-0 0.5 -0 0 3.11088e-43 -0.098 0.995 -0.0195
-0.09012 0.490393 -0.037329 0 3.11088e-43 -0.098 0.995 -0.0195
-0.097545 -0.490393 -0 0 3.11088e-43 -0.098 -0.995 -0.0195
-0.09012 -0.490393 -0.037329 0 3.11088e-43 -0.098 -0.995 -0.0195
0 -0.5 -0 0 3.11088e-43 -0.098 -0.995 -0.0195
-0.453064 -0.097545 -0.187665 0 3.11088e-43 -0.9762 -0.0962 -0.1942
-0.490393 -0.097545 -0 0 3.11088e-43 -0.9762 -0.0962 -0.1942
-0.46194 0 -0.191342 0 3.11088e-43 -0.9762 -0.0962 -0.1942
-0.176777 0.46194 -0.073223 0 3.11088e-43 -0.2898 0.9553 -0.0576
-0.191342 0.46194 -0 0 3.11088e-43 -0.2898 0.9553 -0.0576
-0.09012 0.490393 -0.037329 0 3.11088e-43 -0.2898 0.9553 -0.0576
-0.46194 -0.191342 0 0 3.11088e-43 -0.9401 -0.2852 -0.187
-0.490393 -0.097545 -0 0 3.11088e-43 -0.9401 -0.2852 -0.187
-0.426777 -0.191342 -0.176777 0 3.11088e-43 -0.9401 -0.2852 -0.187
-0.277785 0.415735 -0 0 3.11088e-43 -0.4693 0.8781 -0.0934
-0.191342 0.46194 -0 0 3.11088e-43 -0.4693 0.8781 -0.0934
-0.25664 0.415735 -0.106304 0 3.11088e-43 -0.4693 0.8781 -0.0934
-0.415735 -0.277785 0 0 3.11088e-43 -0.8687 -0.4643 -0.1728
-0.46194 -0.191342 0 0 3.11088e-43 -0.8687 -0.4643 -0.1728
-0.384089 -0.277785 -0.159095 0 3.11088e-43 -0.8687 -0.4643 -0.1728
-0.326641 0.353553 -0.135299 0 3.11088e-43 -0.6294 0.7669 -0.1252
-0.353553 0.353553 -0 0 3.11088e-43 -0.6294 0.7669 -0.1252
-0.25664 0.415735 -0.106304 0 3.11088e-43 -0.6294 0.7669 -0.1252
-0.326641 -0.353553 -0.135299 0 3.11088e-43 -0.764 -0.627 -0.152
-0.353553 -0.353553 -0 0 3.11088e-43 -0.764 -0.627 -0.152
-0.384089 -0.277785 -0.159095 0 3.11088e-43 -0.764 -0.627 -0.152
-0.415735 0.277785 0 0 3.11088e-43 -0.764 0.627 -0.152
-0.353553 0.353553 -0 0 3.11088e-43 -0.764 0.627 -0.152
-0.384089 0.277785 -0.159095 0 3.11088e-43 -0.764 0.627 -0.152
-0.277785 -0.415735 -0 0 3.11088e-43 -0.6294 -0.7669 -0.1252
-0.353553 -0.353553 -0 0 3.11088e-43 -0.6294 -0.7669 -0.1252
-0.25664 -0.415735 -0.106304 0 3.11088e-43 -0.6294 -0.7669 -0.1252
-0.426777 0.191342 -0.176777 0 3.11088e-43 -0.8687 0.4643 -0.1728
-0.46194 0.191342 0 0 3.11088e-43 -0.8687 0.4643 -0.1728
-0.384089 0.277785 -0.159095 0 3.11088e-43 -0.8687 0.4643 -0.1728
-0.191342 -0.46194 -0 0 3.11088e-43 -0.4693 -0.8781 -0.0934
-0.277785 -0.415735 -0 0 3.11088e-43 -0.4693 -0.8781 -0.0934
-0.176777 -0.46194 -0.073223 0 3.11088e-43 -0.4693 -0.8781 -0.0934
-0.453064 0.097545 -0.187665 0 3.11088e-43 -0.9401 0.2852 -0.187
-0.490393 0.097545 -0 0 3.11088e-43 -0.9401 0.2852 -0.187
-0.426777 0.191342 -0.176777 0 3.11088e-43 -0.9401 0.2852 -0.187
-0.09012 -0.490393 -0.037329 0 3.11088e-43 -0.2898 -0.9553 -0.0576
-0.097545 -0.490393 -0 0 3.11088e-43 -0.2898 -0.9553 -0.0576
-0.176777 -0.46194 -0.073223 0 3.11088e-43 -0.2898 -0.9553 -0.0576
-0.353553 -0.353553 -0 0 3.11088e-43 -0.764 -0.627 0.152
-0.326641 -0.353553 0.135299 0 3.11088e-43 -0.764 -0.627 0.152
-0.415735 -0.277785 0 0 3.11088e-43 -0.764 -0.627 0.152
-0.384089 0.277785 0.159095 0 3.11088e-43 -0.764 0.627 0.152
-0.326641 0.353553 0.135299 0 3.11088e-43 -0.764 0.627 0.152
-0.415735 0.277785 0 0 3.11088e-43 -0.764 0.627 0.152
-0.25664 -0.415735 0.106304 0 3.11088e-43 -0.6294 -0.7669 0.1252
-0.326641 -0.353553 0.135299 0 3.11088e-43 -0.6294 -0.7669 0.1252
-0.277785 -0.415735 -0 0 3.11088e-43 -0.6294 -0.7669 0.1252
-0.46194 0.191342 0 0 3.11088e-43 -0.8687 0.4643 0.1728
-0.426777 0.191342 0.176777 0 3.11088e-43 -0.8687 0.4643 0.1728
-0.415735 0.277785 0 0 3.11088e-43 -0.8687 0.4643 0.1728
-0.176777 -0.46194 0.073223 0 3.11088e-43 -0.4693 -0.8781 0.0934
-0.25664 -0.415735 0.106304 0 3.11088e-43 -0.4693 -0.8781 0.0934
-0.191342 -0.46194 -0 0 3.11088e-43 -0.4693 -0.8781 0.0934
-0.490393 0.097545 -0 0 3.11088e-43 -0.9401 0.2852 0.187
-0.453064 0.097545 0.187665 0 3.11088e-43 -0.9401 0.2852 0.187
-0.46194 0.191342 0 0 3.11088e-43 -0.9401 0.2852 0.187
-0.097545 -0.490393 -0 0 3.11088e-43 -0.2898 -0.9553 0.0576
-0.09012 -0.490393 0.037329 0 3.11088e-43 -0.2898 -0.9553 0.0576
-0.191342 -0.46194 -0 0 3.11088e-43 -0.2898 -0.9553 0.0576
-0.46194 0 0.191342 0 3.11088e-43 -0.9762 0.0962 0.1942
-0.453064 0.097545 0.187665 0 3.11088e-43 -0.9762 0.0962 0.1942
-0.5 0 0 0 3.11088e-43 -0.9762 0.0962 0.1942
-0.09012 0.490393 0.037329 0 3.11088e-43 -0.098 0.995 0.0195
-0 0.5 -0 0 3.11088e-43 -0.098 0.995 0.0195
-0.097545 0.490393 -0 0 3.11088e-43 -0.098 0.995 0.0195
-0.09012 -0.490393 0.037329 0 3.11088e-43 -0.098 -0.995 0.0195
-0.097545 -0.490393 -0 0 3.11088e-43 -0.098 -0.995 0.0195
0 -0.5 -0 0 3.11088e-43 -0.098 -0.995 0.0195
-0.490393 -0.097545 -0 0 3.11088e-43 -0.9762 -0.0962 0.1942
-0.453064 -0.097545 0.187665 0 3.11088e-43 -0.9762 -0.0962 0.1942
-0.5 0 0 0 3.11088e-43 -0.9762 -0.0962 0.1942
-0.191342 0.46194 -0 0 3.11088e-43 -0.2898 0.9553 0.0576
-0.176777 0.46194 0.073223 0 3.11088e-43 -0.2898 0.9553 0.0576
-0.097545 0.490393 -0 0 3.11088e-43 -0.2898 0.9553 0.0576
-0.426777 -0.191342 0.176777 0 3.11088e-43 -0.9401 -0.2852 0.187
-0.453064 -0.097545 0.187665 0 3.11088e-43 -0.9401 -0.2852 0.187
-0.46194 -0.191342 0 0 3.11088e-43 -0.9401 -0.2852 0.187
-0.25664 0.415735 0.106304 0 3.11088e-43 -0.4693 0.8781 0.0934
-0.176777 0.46194 0.073223 0 3.11088e-43 -0.4693 0.8781 0.0934
-0.277785 0.415735 -0 0 3.11088e-43 -0.4693 0.8781 0.0934
-0.384089 -0.277785 0.159095 0 3.11088e-43 -0.8687 -0.4643 0.1728
-0.426777 -0.191342 0.176777 0 3.11088e-43 -0.8687 -0.4643 0.1728
-0.415735 -0.277785 0 0 3.11088e-43 -0.8687 -0.4643 0.1728
-0.353553 0.353553 -0 0 3.11088e-43 -0.6294 0.7669 0.1252
-0.326641 0.353553 0.135299 0 3.11088e-43 -0.6294 0.7669 0.1252
-0.277785 0.415735 -0 0 3.11088e-43 -0.6294 0.7669 0.1252
-0.068975 -0.490393 0.068975 0 3.11088e-43 -0.0831 -0.995 0.0555
-0.09012 -0.490393 0.037329 0 3.11088e-43 -0.0831 -0.995 0.0555
0 -0.5 -0 0 3.11088e-43 -0.0831 -0.995 0.0555
-0.453064 -0.097545 0.187665 0 3.11088e-43 -0.8276 -0.0962 0.553
-0.34676 -0.097545 0.34676 0 3.11088e-43 -0.8276 -0.0962 0.553
-0.46194 0 0.191342 0 3.11088e-43 -0.8276 -0.0962 0.553
-0.176777 0.46194 0.073223 0 3.11088e-43 -0.2457 0.9553 0.1642
-0.135299 0.46194 0.135299 0 3.11088e-43 -0.2457 0.9553 0.1642
-0.09012 0.490393 0.037329 0 3.11088e-43 -0.2457 0.9553 0.1642
-0.326641 -0.191342 0.326641 0 3.11088e-43 -0.7969 -0.2852 0.5325
-0.34676 -0.097545 0.34676 0 3.11088e-43 -0.7969 -0.2852 0.5325
-0.426777 -0.191342 0.176777 0 3.11088e-43 -0.7969 -0.2852 0.5325
-0.196424 0.415735 0.196424 0 3.11088e-43 -0.3979 0.8781 0.2659
-0.135299 0.46194 0.135299 0 3.11088e-43 -0.3979 0.8781 0.2659
-0.25664 0.415735 0.106304 0 3.11088e-43 -0.3979 0.8781 0.2659
-0.293969 -0.277785 0.293969 0 3.11088e-43 -0.7364 -0.4643 0.4921
-0.326641 -0.191342 0.326641 0 3.11088e-43 -0.7364 -0.4643 0.4921
-0.384089 -0.277785 0.159095 0 3.11088e-43 -0.7364 -0.4643 0.4921
-0.326641 0.353553 0.135299 0 3.11088e-43 -0.5336 0.7669 0.3565
-0.25 0.353553 0.25 0 3.11088e-43 -0.5336 0.7669 0.3565
-0.25664 0.415735 0.106304 0 3.11088e-43 -0.5336 0.7669 0.3565
-0.326641 -0.353553 0.135299 0 3.11088e-43 -0.6477 -0.627 0.4328
-0.25 -0.353553 0.25 0 3.11088e-43 -0.6477 -0.627 0.4328
-0.384089 -0.277785 0.159095 0 3.11088e-43 -0.6477 -0.627 0.4328
-0.293969 0.277785 0.293969 0 3.11088e-43 -0.6477 0.627 0.4328
-0.25 0.353553 0.25 0 3.11088e-43 -0.6477 0.627 0.4328
-0.384089 0.277785 0.159095 0 3.11088e-43 -0.6477 0.627 0.4328
-0.196424 -0.415735 0.196424 0 3.11088e-43 -0.5336 -0.7669 0.3565
-0.25 -0.353553 0.25 0 3.11088e-43 -0.5336 -0.7669 0.3565
-0.25664 -0.415735 0.106304 0 3.11088e-43 -0.5336 -0.7669 0.3565
-0.426777 0.191342 0.176777 0 3.11088e-43 -0.7364 0.4643 0.4921
-0.326641 0.191342 0.326641 0 3.11088e-43 -0.7364 0.4643 0.4921
-0.384089 0.277785 0.159095 0 3.11088e-43 -0.7364 0.4643 0.4921
-0.135299 -0.46194 0.135299 0 3.11088e-43 -0.3979 -0.8781 0.2659
-0.196424 -0.415735 0.196424 0 3.11088e-43 -0.3979 -0.8781 0.2659
-0.176777 -0.46194 0.073223 0 3.11088e-43 -0.3979 -0.8781 0.2659
-0.453064 0.097545 0.187665 0 3.11088e-43 -0.7969 0.2852 0.5325
-0.34676 0.097545 0.34676 0 3.11088e-43 -0.7969 0.2852 0.5325
-0.426777 0.191342 0.176777 0 3.11088e-43 -0.7969 0.2852 0.5325
-0.09012 -0.490393 0.037329 0 3.11088e-43 -0.2457 -0.9553 0.1642
-0.068975 -0.490393 0.068975 0 3.11088e-43 -0.2457 -0.9553 0.1642
-0.176777 -0.46194 0.073223 0 3.11088e-43 -0.2457 -0.9553 0.1642
-0.353553 0 0.353553 0 3.11088e-43 -0.8276 0.0962 0.553
-0.34676 0.097545 0.34676 0 3.11088e-43 -0.8276 0.0962 0.553
-0.46194 0 0.191342 0 3.11088e-43 -0.8276 0.0962 0.553
-0.068975 0.490393 0.068975 0 3.11088e-43 -0.0831 0.995 0.0555
-0 0.5 -0 0 3.11088e-43 -0.0831 0.995 0.0555
-0.09012 0.490393 0.037329 0 3.11088e-43 -0.0831 0.995 0.0555
-0.106304 -0.415735 0.25664 0 3.11088e-43 -0.3565 -0.7669 0.5336
-0.135299 -0.353553 0.326641 0 3.11088e-43 -0.3565 -0.7669 0.5336
-0.196424 -0.415735 0.196424 0 3.11088e-43 -0.3565 -0.7669 0.5336
-0.326641 0.191342 0.326641 0 3.11088e-43 -0.4921 0.4643 0.7364
-0.176776 0.191342 0.426777 0 3.11088e-43 -0.4921 0.4643 0.7364
-0.293969 0.277785 0.293969 0 3.11088e-43 -0.4921 0.4643 0.7364
-0.135299 -0.46194 0.135299 0 3.11088e-43 -0.2659 -0.8781 0.3979
-0.073223 -0.46194 0.176777 0 3.11088e-43 -0.2659 -0.8781 0.3979
-0.196424 -0.415735 0.196424 0 3.11088e-43 -0.2659 -0.8781 0.3979
-0.34676 0.097545 0.34676 0 3.11088e-43 -0.5325 0.2852 0.7969
-0.187665 0.097545 0.453064 0 3.11088e-43 -0.5325 0.2852 0.7969
-0.326641 0.191342 0.326641 0 3.11088e-43 -0.5325 0.2852 0.7969
-0.068975 -0.490393 0.068975 0 3.11088e-43 -0.1642 -0.9553 0.2457
-0.037329 -0.490393 0.09012 0 3.11088e-43 -0.1642 -0.9553 0.2457
-0.135299 -0.46194 0.135299 0 3.11088e-43 -0.1642 -0.9553 0.2457
-0.191342 0 0.46194 0 3.11088e-43 -0.553 0.0962 0.8276
-0.187665 0.097545 0.453064 0 3.11088e-43 -0.553 0.0962 0.8276
-0.353553 0 0.353553 0 3.11088e-43 -0.553 0.0962 0.8276
-0.037329 0.490393 0.09012 0 3.11088e-43 -0.0555 0.995 0.0831
-0 0.5 -0 0 3.11088e-43 -0.0555 0.995 0.0831
-0.068975 0.490393 0.068975 0 3.11088e-43 -0.0555 0.995 0.0831
-0.037329 -0.490393 0.09012 0 3.11088e-43 -0.0555 -0.995 0.0831
-0.068975 -0.490393 0.068975 0 3.11088e-43 -0.0555 -0.995 0.0831
0 -0.5 -0 0 3.11088e-43 -0.0555 -0.995 0.0831
-0.34676 -0.097545 0.34676 0 3.11088e-43 -0.553 -0.0962 0.8276
-0.187665 -0.097545 0.453064 0 3.11088e-43 -0.553 -0.0962 0.8276
-0.353553 0 0.353553 0 3.11088e-43 -0.553 -0.0962 0.8276
-0.135299 0.46194 0.135299 0 3.11088e-43 -0.1642 0.9553 0.2457
-0.073223 0.46194 0.176777 0 3.11088e-43 -0.1642 0.9553 0.2457
-0.068975 0.490393 0.068975 0 3.11088e-43 -0.1642 0.9553 0.2457
-0.176776 -0.191342 0.426777 0 3.11088e-43 -0.5325 -0.2852 0.7969
-0.187665 -0.097545 0.453064 0 3.11088e-43 -0.5325 -0.2852 0.7969
-0.326641 -0.191342 0.326641 0 3.11088e-43 -0.5325 -0.2852 0.7969
-0.106304 0.415735 0.25664 0 3.11088e-43 -0.2659 0.8781 0.3979
-0.073223 0.46194 0.176777 0 3.11088e-43 -0.2659 0.8781 0.3979
-0.196424 0.415735 0.196424 0 3.11088e-43 -0.2659 0.8781 0.3979
-0.159095 -0.277785 0.384089 0 3.11088e-43 -0.4921 -0.4643 0.7364
-0.176776 -0.191342 0.426777 0 3.11088e-43 -0.4921 -0.4643 0.7364
-0.293969 -0.277785 0.293969 0 3.11088e-43 -0.4921 -0.4643 0.7364
-0.25 0.353553 0.25 0 3.11088e-43 -0.3565 0.7669 0.5336
-0.135299 0.353553 0.326641 0 3.11088e-43 -0.3565 0.7669 0.5336
-0.196424 0.415735 0.196424 0 3.11088e-43 -0.3565 0.7669 0.5336
-0.25 -0.353553 0.25 0 3.11088e-43 -0.4328 -0.627 0.6477
-0.135299 -0.353553 0.326641 0 3.11088e-43 -0.4328 -0.627 0.6477
-0.293969 -0.277785 0.293969 0 3.11088e-43 -0.4328 -0.627 0.6477
-0.159095 0.277785 0.384089 0 3.11088e-43 -0.4328 0.627 0.6477
-0.135299 0.353553 0.326641 0 3.11088e-43 -0.4328 0.627 0.6477
-0.293969 0.277785 0.293969 0 3.11088e-43 -0.4328 0.627 0.6477
0 0.46194 0.191342 0 3.11088e-43 -0.0576 0.9553 0.2898
0 0.490393 0.097545 0 3.11088e-43 -0.0576 0.9553 0.2898
-0.073223 0.46194 0.176777 0 3.11088e-43 -0.0576 0.9553 0.2898
-0.176776 -0.191342 0.426777 0 3.11088e-43 -0.187 -0.2852 0.9401
0 -0.191342 0.46194 0 3.11088e-43 -0.187 -0.2852 0.9401
-0.187665 -0.097545 0.453064 0 3.11088e-43 -0.187 -0.2852 0.9401
0 0.415735 0.277785 0 3.11088e-43 -0.0934 0.8781 0.4693
0 0.46194 0.191342 0 3.11088e-43 -0.0934 0.8781 0.4693
-0.106304 0.415735 0.25664 0 3.11088e-43 -0.0934 0.8781 0.4693
-0.159095 -0.277785 0.384089 0 3.11088e-43 -0.1728 -0.4643 0.8687
0 -0.277785 0.415735 0 3.11088e-43 -0.1728 -0.4643 0.8687
-0.176776 -0.191342 0.426777 0 3.11088e-43 -0.1728 -0.4643 0.8687
0 0.353553 0.353553 0 3.11088e-43 -0.1252 0.7669 0.6294
0 0.415735 0.277785 0 3.11088e-43 -0.1252 0.7669 0.6294
-0.135299 0.353553 0.326641 0 3.11088e-43 -0.1252 0.7669 0.6294
-0.135299 -0.353553 0.326641 0 3.11088e-43 -0.152 -0.627 0.764
0 -0.353553 0.353553 0 3.11088e-43 -0.152 -0.627 0.764
-0.159095 -0.277785 0.384089 0 3.11088e-43 -0.152 -0.627 0.764
0 0.277785 0.415735 0 3.11088e-43 -0.152 0.627 0.764
0 0.353553 0.353553 0 3.11088e-43 -0.152 0.627 0.764
-0.159095 0.277785 0.384089 0 3.11088e-43 -0.152 0.627 0.764
-0.106304 -0.415735 0.25664 0 3.11088e-43 -0.1252 -0.7669 0.6294
0 -0.415735 0.277785 0 3.11088e-43 -0.1252 -0.7669 0.6294
-0.135299 -0.353553 0.326641 0 3.11088e-43 -0.1252 -0.7669 0.6294
-0.176776 0.191342 0.426777 0 3.11088e-43 -0.1728 0.4643 0.8687
0 0.191342 0.46194 0 3.11088e-43 -0.1728 0.4643 0.8687
-0.159095 0.277785 0.384089 0 3.11088e-43 -0.1728 0.4643 0.8687
-0.073223 -0.46194 0.176777 0 3.11088e-43 -0.0934 -0.8781 0.4693
0 -0.46194 0.191342 0 3.11088e-43 -0.0934 -0.8781 0.4693
-0.106304 -0.415735 0.25664 0 3.11088e-43 -0.0934 -0.8781 0.4693
0 0.097545 0.490392 0 3.11088e-43 -0.187 0.2852 0.9401
0 0.191342 0.46194 0 3.11088e-43 -0.187 0.2852 0.9401
-0.187665 0.097545 0.453064 0 3.11088e-43 -0.187 0.2852 0.9401
-0.037329 -0.490393 0.09012 0 3.11088e-43 -0.0576 -0.9553 0.2898
0 -0.490393 0.097545 0 3.11088e-43 -0.0576 -0.9553 0.2898
-0.073223 -0.46194 0.176777 0 3.11088e-43 -0.0576 -0.9553 0.2898
-0.191342 0 0.46194 0 3.11088e-43 -0.1942 0.0962 0.9762
0 0 0.5 0 3.11088e-43 -0.1942 0.0962 0.9762
-0.187665 0.097545 0.453064 0 3.11088e-43 -0.1942 0.0962 0.9762
0 0.490393 0.097545 0 3.11088e-43 -0.0195 0.995 0.098
-0 0.5 -0 0 3.11088e-43 -0.0195 0.995 0.098
-0.037329 0.490393 0.09012 0 3.11088e-43 -0.0195 0.995 0.098
0 -0.490393 0.097545 0 3.11088e-43 -0.0195 -0.995 0.098
-0.037329 -0.490393 0.09012 0 3.11088e-43 -0.0195 -0.995 0.098
0 -0.5 -0 0 3.11088e-43 -0.0195 -0.995 0.098
0 -0.097545 0.490392 0 3.11088e-43 -0.1942 -0.0962 0.9762
0 0 0.5 0 3.11088e-43 -0.1942 -0.0962 0.9762
-0.187665 -0.097545 0.453064 0 3.11088e-43 -0.1942 -0.0962 0.9762
0.106304 -0.415735 0.25664 0 3.11088e-43 0.0934 -0.8781 0.4693
0 -0.415735 0.277785 0 3.11088e-43 0.0934 -0.8781 0.4693
0 -0.46194 0.191342 0 3.11088e-43 0.0934 -0.8781 0.4693
0.176777 0.191342 0.426777 0 3.11088e-43 0.187 0.2852 0.9401
0 0.191342 0.46194 0 3.11088e-43 0.187 0.2852 0.9401
0 0.097545 0.490392 0 3.11088e-43 0.187 0.2852 0.9401
0.073223 -0.46194 0.176777 0 3.11088e-43 0.0576 -0.9553 0.2898
0 -0.46194 0.191342 0 3.11088e-43 0.0576 -0.9553 0.2898
0 -0.490393 0.097545 0 3.11088e-43 0.0576 -0.9553 0.2898
0.191342 0 0.46194 0 3.11088e-43 0.1942 0.0962 0.9762
0.187665 0.097545 0.453064 0 3.11088e-43 0.1942 0.0962 0.9762
0 0.097545 0.490392 0 3.11088e-43 0.1942 0.0962 0.9762
0.191342 0 0.46194 0 3.11088e-43 0.1942 -0.0962 0.9762
0 0 0.5 0 3.11088e-43 0.1942 -0.0962 0.9762
0 -0.097545 0.490392 0 3.11088e-43 0.1942 -0.0962 0.9762
0.073223 0.46194 0.176777 0 3.11088e-43 0.0576 0.9553 0.2898
0.037329 0.490393 0.09012 0 3.11088e-43 0.0576 0.9553 0.2898
0 0.490393 0.097545 0 3.11088e-43 0.0576 0.9553 0.2898
0.176777 -0.191342 0.426777 0 3.11088e-43 0.187 -0.2852 0.9401
0.187665 -0.097545 0.453064 0 3.11088e-43 0.187 -0.2852 0.9401
0 -0.097545 0.490392 0 3.11088e-43 0.187 -0.2852 0.9401
0.106304 0.415735 0.25664 0 3.11088e-43 0.0934 0.8781 0.4693
0.073223 0.46194 0.176777 0 3.11088e-43 0.0934 0.8781 0.4693
0 0.46194 0.191342 0 3.11088e-43 0.0934 0.8781 0.4693
0.176777 -0.191342 0.426777 0 3.11088e-43 0.1728 -0.4643 0.8687
0 -0.191342 0.46194 0 3.11088e-43 0.1728 -0.4643 0.8687
0 -0.277785 0.415735 0 3.11088e-43 0.1728 -0.4643 0.8687
0.106304 0.415735 0.25664 0 3.11088e-43 0.1252 0.7669 0.6294
0 0.415735 0.277785 0 3.11088e-43 0.1252 0.7669 0.6294
0 0.353553 0.353553 0 3.11088e-43 0.1252 0.7669 0.6294
0.159095 -0.277785 0.384089 0 3.11088e-43 0.152 -0.627 0.764
0 -0.277785 0.415735 0 3.11088e-43 0.152 -0.627 0.764
0 -0.353553 0.353553 0 3.11088e-43 0.152 -0.627 0.764
0.159095 0.277785 0.384089 0 3.11088e-43 0.152 0.627 0.764
0.135299 0.353553 0.326641 0 3.11088e-43 0.152 0.627 0.764
0 0.353553 0.353553 0 3.11088e-43 0.152 0.627 0.764
0.106304 -0.415735 0.25664 0 3.11088e-43 0.1252 -0.7669 0.6294
0.135299 -0.353553 0.326641 0 3.11088e-43 0.1252 -0.7669 0.6294
0 -0.353553 0.353553 0 3.11088e-43 0.1252 -0.7669 0.6294
0.176777 0.191342 0.426777 0 3.11088e-43 0.1728 0.4643 0.8687
0.159095 0.277785 0.384089 0 3.11088e-43 0.1728 0.4643 0.8687
0 0.277785 0.415735 0 3.11088e-43 0.1728 0.4643 0.8687
0.25 0.353553 0.25 0 3.11088e-43 0.4328 0.627 0.6477
0.135299 0.353553 0.326641 0 3.11088e-43 0.4328 0.627 0.6477
0.159095 0.277785 0.384089 0 3.11088e-43 0.4328 0.627 0.6477
0.196424 -0.415735 0.196424 0 3.11088e-43 0.3565 -0.7669 0.5336
0.25 -0.353553 0.25 0 3.11088e-43 0.3565 -0.7669 0.5336
0.135299 -0.353553 0.326641 0 3.11088e-43 0.3565 -0.7669 0.5336
0.293969 0.277785 0.293969 0 3.11088e-43 0.4921 0.4643 0.7364
0.159095 0.277785 0.384089 0 3.11088e-43 0.4921 0.4643 0.7364
0.176777 0.191342 0.426777 0 3.11088e-43 0.4921 0.4643 0.7364
0.196424 -0.415735 0.196424 0 3.11088e-43 0.2659 -0.8781 0.3979
0.106304 -0.415735 0.25664 0 3.11088e-43 0.2659 -0.8781 0.3979
0.073223 -0.46194 0.176777 0 3.11088e-43 0.2659 -0.8781 0.3979
0.326641 0.191342 0.326641 0 3.11088e-43 0.5325 0.2852 0.7969
0.176777 0.191342 0.426777 0 3.11088e-43 0.5325 0.2852 0.7969
0.187665 0.097545 0.453064 0 3.11088e-43 0.5325 0.2852 0.7969
0.135299 -0.46194 0.135299 0 3.11088e-43 0.1642 -0.9553 0.2457
0.073223 -0.46194 0.176777 0 3.11088e-43 0.1642 -0.9553 0.2457
0.037329 -0.490393 0.09012 0 3.11088e-43 0.1642 -0.9553 0.2457
0.353554 0 0.353553 0 3.11088e-43 0.553 0.0962 0.8276
0.34676 0.097545 0.34676 0 3.11088e-43 0.553 0.0962 0.8276
0.187665 0.097545 0.453064 0 3.11088e-43 0.553 0.0962 0.8276
0.34676 -0.097545 0.34676 0 3.11088e-43 0.553 -0.0962 0.8276
0.353554 0 0.353553 0 3.11088e-43 0.553 -0.0962 0.8276
0.191342 0 0.46194 0 3.11088e-43 0.553 -0.0962 0.8276
0.135299 0.46194 0.135299 0 3.11088e-43 0.1642 0.9553 0.2457
0.068975 0.490393 0.068975 0 3.11088e-43 0.1642 0.9553 0.2457
0.037329 0.490393 0.09012 0 3.11088e-43 0.1642 0.9553 0.2457
0.34676 -0.097545 0.34676 0 3.11088e-43 0.5325 -0.2852 0.7969
0.187665 -0.097545 0.453064 0 3.11088e-43 0.5325 -0.2852 0.7969
0.176777 -0.191342 0.426777 0 3.11088e-43 0.5325 -0.2852 0.7969
0.196424 0.415735 0.196424 0 3.11088e-43 0.2659 0.8781 0.3979
0.135299 0.46194 0.135299 0 3.11088e-43 0.2659 0.8781 0.3979
0.073223 0.46194 0.176777 0 3.11088e-43 0.2659 0.8781 0.3979
0.293969 -0.277785 0.293969 0 3.11088e-43 0.4921 -0.4643 0.7364
0.326641 -0.191342 0.326641 0 3.11088e-43 0.4921 -0.4643 0.7364
0.176777 -0.191342 0.426777 0 3.11088e-43 0.4921 -0.4643 0.7364
0.25 0.353553 0.25 0 3.11088e-43 0.3565 0.7669 0.5336
0.196424 0.415735 0.196424 0 3.11088e-43 0.3565 0.7669 0.5336
0.106304 0.415735 0.25664 0 3.11088e-43 0.3565 0.7669 0.5336
0.25 -0.353553 0.25 0 3.11088e-43 0.4328 -0.627 0.6477
0.293969 -0.277785 0.293969 0 3.11088e-43 0.4328 -0.627 0.6477
0.159095 -0.277785 0.384089 0 3.11088e-43 0.4328 -0.627 0.6477
0.453064 -0.097545 0.187665 0 3.11088e-43 0.8276 -0.0962 0.553
0.46194 0 0.191342 0 3.11088e-43 0.8276 -0.0962 0.553
0.353554 0 0.353553 0 3.11088e-43 0.8276 -0.0962 0.553
0.176777 0.46194 0.073223 0 3.11088e-43 0.2457 0.9553 0.1642
0.09012 0.490393 0.037329 0 3.11088e-43 0.2457 0.9553 0.1642
0.068975 0.490393 0.068975 0 3.11088e-43 0.2457 0.9553 0.1642
0.453064 -0.097545 0.187665 0 3.11088e-43 0.7969 -0.2852 0.5325
0.34676 -0.097545 0.34676 0 3.11088e-43 0.7969 -0.2852 0.5325
0.326641 -0.191342 0.326641 0 3.11088e-43 0.7969 -0.2852 0.5325
0.25664 0.415735 0.106304 0 3.11088e-43 0.3979 0.8781 0.2659
0.176777 0.46194 0.073223 0 3.11088e-43 0.3979 0.8781 0.2659
0.135299 0.46194 0.135299 0 3.11088e-43 0.3979 0.8781 0.2659
0.384089 -0.277785 0.159095 0 3.11088e-43 0.7364 -0.4643 0.4921
0.426777 -0.191342 0.176777 0 3.11088e-43 0.7364 -0.4643 0.4921
0.326641 -0.191342 0.326641 0 3.11088e-43 0.7364 -0.4643 0.4921
0.326641 0.353553 0.135299 0 3.11088e-43 0.5336 0.7669 0.3565
0.25664 0.415735 0.106304 0 3.11088e-43 0.5336 0.7669 0.3565
0.196424 0.415735 0.196424 0 3.11088e-43 0.5336 0.7669 0.3565
0.384089 -0.277785 0.159095 0 3.11088e-43 0.6477 -0.627 0.4328
0.293969 -0.277785 0.293969 0 3.11088e-43 0.6477 -0.627 0.4328
0.25 -0.353553 0.25 0 3.11088e-43 0.6477 -0.627 0.4328
0.384089 0.277785 0.159095 0 3.11088e-43 0.6477 0.627 0.4328
0.326641 0.353553 0.135299 0 3.11088e-43 0.6477 0.627 0.4328
0.25 0.353553 0.25 0 3.11088e-43 0.6477 0.627 0.4328
0.326641 -0.353553 0.135299 0 3.11088e-43 0.5336 -0.7669 0.3565
0.25 -0.353553 0.25 0 3.11088e-43 0.5336 -0.7669 0.3565
0.196424 -0.415735 0.196424 0 3.11088e-43 0.5336 -0.7669 0.3565
0.426777 0.191342 0.176777 0 3.11088e-43 0.7364 0.4643 0.4921
0.384089 0.277785 0.159095 0 3.11088e-43 0.7364 0.4643 0.4921
0.293969 0.277785 0.293969 0 3.11088e-43 0.7364 0.4643 0.4921
0.25664 -0.415735 0.106304 0 3.11088e-43 0.3979 -0.8781 0.2659
0.196424 -0.415735 0.196424 0 3.11088e-43 0.3979 -0.8781 0.2659
0.135299 -0.46194 0.135299 0 3.11088e-43 0.3979 -0.8781 0.2659
0.453064 0.097545 0.187665 0 3.11088e-43 0.7969 0.2852 0.5325
0.426777 0.191342 0.176777 0 3.11088e-43 0.7969 0.2852 0.5325
0.326641 0.191342 0.326641 0 3.11088e-43 0.7969 0.2852 0.5325
0.09012 -0.490393 0.037329 0 3.11088e-43 0.2457 -0.9553 0.1642
0.176777 -0.46194 0.073223 0 3.11088e-43 0.2457 -0.9553 0.1642
0.135299 -0.46194 0.135299 0 3.11088e-43 0.2457 -0.9553 0.1642
0.453064 0.097545 0.187665 0 3.11088e-43 0.8276 0.0962 0.553
0.34676 0.097545 0.34676 0 3.11088e-43 0.8276 0.0962 0.553
0.353554 0 0.353553 0 3.11088e-43 0.8276 0.0962 0.553
0.353554 -0.353553 -0 0 3.11088e-43 0.6294 -0.7669 0.1252
0.326641 -0.353553 0.135299 0 3.11088e-43 0.6294 -0.7669 0.1252
0.25664 -0.415735 0.106304 0 3.11088e-43 0.6294 -0.7669 0.1252
0.46194 0.191342 -0 0 3.11088e-43 0.8687 0.4643 0.1728
0.415735 0.277785 -0 0 3.11088e-43 0.8687 0.4643 0.1728
0.384089 0.277785 0.159095 0 3.11088e-43 0.8687 0.4643 0.1728
0.277785 -0.415735 -0 0 3.11088e-43 0.4693 -0.8781 0.0934
0.25664 -0.415735 0.106304 0 3.11088e-43 0.4693 -0.8781 0.0934
0.176777 -0.46194 0.073223 0 3.11088e-43 0.4693 -0.8781 0.0934
0.490393 0.097545 -0 0 3.11088e-43 0.9401 0.2852 0.187
0.46194 0.191342 -0 0 3.11088e-43 0.9401 0.2852 0.187
0.426777 0.191342 0.176777 0 3.11088e-43 0.9401 0.2852 0.187
0.097545 -0.490393 -0 0 3.11088e-43 0.2898 -0.9553 0.0576
0.191342 -0.46194 -0 0 3.11088e-43 0.2898 -0.9553 0.0576
0.176777 -0.46194 0.073223 0 3.11088e-43 0.2898 -0.9553 0.0576
0.490393 0.097545 -0 0 3.11088e-43 0.9762 0.0962 0.1942
0.453064 0.097545 0.187665 0 3.11088e-43 0.9762 0.0962 0.1942
0.46194 0 0.191342 0 3.11088e-43 0.9762 0.0962 0.1942
0.490393 -0.097545 -0 0 3.11088e-43 0.9762 -0.0962 0.1942
0.5 0 -0 0 3.11088e-43 0.9762 -0.0962 0.1942
0.46194 0 0.191342 0 3.11088e-43 0.9762 -0.0962 0.1942
0.191342 0.46194 -0 0 3.11088e-43 0.2898 0.9553 0.0576
0.097545 0.490393 -0 0 3.11088e-43 0.2898 0.9553 0.0576
0.09012 0.490393 0.037329 0 3.11088e-43 0.2898 0.9553 0.0576
0.490393 -0.097545 -0 0 3.11088e-43 0.9401 -0.2852 0.187
0.453064 -0.097545 0.187665 0 3.11088e-43 0.9401 -0.2852 0.187
0.426777 -0.191342 0.176777 0 3.11088e-43 0.9401 -0.2852 0.187
0.277785 0.415735 -0 0 3.11088e-43 0.4693 0.8781 0.0934
0.191342 0.46194 -0 0 3.11088e-43 0.4693 0.8781 0.0934
0.176777 0.46194 0.073223 0 3.11088e-43 0.4693 0.8781 0.0934
0.415735 -0.277785 -0 0 3.11088e-43 0.8687 -0.4643 0.1728
0.46194 -0.191342 -0 0 3.11088e-43 0.8687 -0.4643 0.1728
0.426777 -0.191342 0.176777 0 3.11088e-43 0.8687 -0.4643 0.1728
0.353554 0.353553 -0 0 3.11088e-43 0.6294 0.7669 0.1252
0.277785 0.415735 -0 0 3.11088e-43 0.6294 0.7669 0.1252
0.25664 0.415735 0.106304 0 3.11088e-43 0.6294 0.7669 0.1252
0.415735 -0.277785 -0 0 3.11088e-43 0.764 -0.627 0.152
0.384089 -0.277785 0.159095 0 3.11088e-43 0.764 -0.627 0.152
0.326641 -0.353553 0.135299 0 3.11088e-43 0.764 -0.627 0.152
0.415735 0.277785 -0 0 3.11088e-43 0.764 0.627 0.152
0.353554 0.353553 -0 0 3.11088e-43 0.764 0.627 0.152
0.326641 0.353553 0.135299 0 3.11088e-43 0.764 0.627 0.152
0.453064 -0.097545 -0.187665 0 3.11088e-43 0.9401 -0.2852 -0.187
0.490393 -0.097545 -0 0 3.11088e-43 0.9401 -0.2852 -0.187
0.46194 -0.191342 -0 0 3.11088e-43 0.9401 -0.2852 -0.187
0.25664 0.415735 -0.106304 0 3.11088e-43 0.4693 0.8781 -0.0934
0.176777 0.46194 -0.073224 0 3.11088e-43 0.4693 0.8781 -0.0934
0.191342 0.46194 -0 0 3.11088e-43 0.4693 0.8781 -0.0934
0.384089 -0.277785 -0.159095 0 3.11088e-43 0.8687 -0.4643 -0.1728
0.426777 -0.191342 -0.176777 0 3.11088e-43 0.8687 -0.4643 -0.1728
0.46194 -0.191342 -0 0 3.11088e-43 0.8687 -0.4643 -0.1728
0.326641 0.353553 -0.135299 0 3.11088e-43 0.6294 0.7669 -0.1252
0.25664 0.415735 -0.106304 0 3.11088e-43 0.6294 0.7669 -0.1252
0.277785 0.415735 -0 0 3.11088e-43 0.6294 0.7669 -0.1252
0.326641 -0.353553 -0.135299 0 3.11088e-43 0.764 -0.627 -0.152
0.384089 -0.277785 -0.159095 0 3.11088e-43 0.764 -0.627 -0.152
0.415735 -0.277785 -0 0 3.11088e-43 0.764 -0.627 -0.152
0.384089 0.277785 -0.159095 0 3.11088e-43 0.764 0.627 -0.152
0.326641 0.353553 -0.135299 0 3.11088e-43 0.764 0.627 -0.152
0.353554 0.353553 -0 0 3.11088e-43 0.764 0.627 -0.152
0.326641 -0.353553 -0.135299 0 3.11088e-43 0.6294 -0.7669 -0.1252
0.353554 -0.353553 -0 0 3.11088e-43 0.6294 -0.7669 -0.1252
0.277785 -0.415735 -0 0 3.11088e-43 0.6294 -0.7669 -0.1252
0.426777 0.191342 -0.176777 0 3.11088e-43 0.8687 0.4643 -0.1728
0.384089 0.277785 -0.159095 0 3.11088e-43 0.8687 0.4643 -0.1728
0.415735 0.277785 -0 0 3.11088e-43 0.8687 0.4643 -0.1728
0.25664 -0.415735 -0.106304 0 3.11088e-43 0.4693 -0.8781 -0.0934
0.277785 -0.415735 -0 0 3.11088e-43 0.4693 -0.8781 -0.0934
0.191342 -0.46194 -0 0 3.11088e-43 0.4693 -0.8781 -0.0934
0.453064 0.097545 -0.187665 0 3.11088e-43 0.9401 0.2852 -0.187
0.426777 0.191342 -0.176777 0 3.11088e-43 0.9401 0.2852 -0.187
0.46194 0.191342 -0 0 3.11088e-43 0.9401 0.2852 -0.187
0.09012 -0.490393 -0.037329 0 3.11088e-43 0.2898 -0.9553 -0.0576
0.176777 -0.46194 -0.073224 0 3.11088e-43 0.2898 -0.9553 -0.0576
0.191342 -0.46194 -0 0 3.11088e-43 0.2898 -0.9553 -0.0576
0.453064 0.097545 -0.187665 0 3.11088e-43 0.9762 0.0962 -0.1942
0.490393 0.097545 -0 0 3.11088e-43 0.9762 0.0962 -0.1942
0.5 0 -0 0 3.11088e-43 0.9762 0.0962 -0.1942
0.453064 -0.097545 -0.187665 0 3.11088e-43 0.9762 -0.0962 -0.1942
0.46194 0 -0.191342 0 3.11088e-43 0.9762 -0.0962 -0.1942
0.5 0 -0 0 3.11088e-43 0.9762 -0.0962 -0.1942
0.176777 0.46194 -0.073224 0 3.11088e-43 0.2898 0.9553 -0.0576
0.09012 0.490393 -0.037329 0 3.11088e-43 0.2898 0.9553 -0.0576
0.097545 0.490393 -0 0 3.11088e-43 0.2898 0.9553 -0.0576
0.196424 -0.415735 -0.196424 0 3.11088e-43 0.3979 -0.8781 -0.2659
0.25664 -0.415735 -0.106304 0 3.11088e-43 0.3979 -0.8781 -0.2659
0.176777 -0.46194 -0.073224 0 3.11088e-43 0.3979 -0.8781 -0.2659
0.34676 0.097545 -0.34676 0 3.11088e-43 0.7969 0.2852 -0.5325
0.326641 0.191342 -0.326641 0 3.11088e-43 0.7969 0.2852 -0.5325
0.426777 0.191342 -0.176777 0 3.11088e-43 0.7969 0.2852 -0.5325
0.068975 -0.490393 -0.068975 0 3.11088e-43 0.2457 -0.9553 -0.1642
0.135299 -0.46194 -0.135299 0 3.11088e-43 0.2457 -0.9553 -0.1642
0.176777 -0.46194 -0.073224 0 3.11088e-43 0.2457 -0.9553 -0.1642
0.34676 0.097545 -0.34676 0 3.11088e-43 0.8276 0.0962 -0.553
0.453064 0.097545 -0.187665 0 3.11088e-43 0.8276 0.0962 -0.553
0.46194 0 -0.191342 0 3.11088e-43 0.8276 0.0962 -0.553
0.34676 -0.097545 -0.34676 0 3.11088e-43 0.8276 -0.0962 -0.553
0.353553 0 -0.353554 0 3.11088e-43 0.8276 -0.0962 -0.553
0.46194 0 -0.191342 0 3.11088e-43 0.8276 -0.0962 -0.553
0.135299 0.46194 -0.135299 0 3.11088e-43 0.2457 0.9553 -0.1642
0.068975 0.490393 -0.068975 0 3.11088e-43 0.2457 0.9553 -0.1642
0.09012 0.490393 -0.037329 0 3.11088e-43 0.2457 0.9553 -0.1642
0.34676 -0.097545 -0.34676 0 3.11088e-43 0.7969 -0.2852 -0.5325
0.453064 -0.097545 -0.187665 0 3.11088e-43 0.7969 -0.2852 -0.5325
0.426777 -0.191342 -0.176777 0 3.11088e-43 0.7969 -0.2852 -0.5325
0.196424 0.415735 -0.196424 0 3.11088e-43 0.3979 0.8781 -0.2659
0.135299 0.46194 -0.135299 0 3.11088e-43 0.3979 0.8781 -0.2659
0.176777 0.46194 -0.073224 0 3.11088e-43 0.3979 0.8781 -0.2659
0.293969 -0.277785 -0.293969 0 3.11088e-43 0.7364 -0.4643 -0.4921
0.326641 -0.191342 -0.326641 0 3.11088e-43 0.7364 -0.4643 -0.4921
0.426777 -0.191342 -0.176777 0 3.11088e-43 0.7364 -0.4643 -0.4921
0.25 0.353553 -0.25 0 3.11088e-43 0.5336 0.7669 -0.3565
0.196424 0.415735 -0.196424 0 3.11088e-43 0.5336 0.7669 -0.3565
0.25664 0.415735 -0.106304 0 3.11088e-43 0.5336 0.7669 -0.3565
0.25 -0.353553 -0.25 0 3.11088e-43 0.6477 -0.627 -0.4328
0.293969 -0.277785 -0.293969 0 3.11088e-43 0.6477 -0.627 -0.4328
0.384089 -0.277785 -0.159095 0 3.11088e-43 0.6477 -0.627 -0.4328
0.25 0.353553 -0.25 0 3.11088e-43 0.6477 0.627 -0.4328
0.326641 0.353553 -0.135299 0 3.11088e-43 0.6477 0.627 -0.4328
0.384089 0.277785 -0.159095 0 3.11088e-43 0.6477 0.627 -0.4328
0.25 -0.353553 -0.25 0 3.11088e-43 0.5336 -0.7669 -0.3565
0.326641 -0.353553 -0.135299 0 3.11088e-43 0.5336 -0.7669 -0.3565
0.25664 -0.415735 -0.106304 0 3.11088e-43 0.5336 -0.7669 -0.3565
0.326641 0.191342 -0.326641 0 3.11088e-43 0.7364 0.4643 -0.4921
0.293969 0.277785 -0.293969 0 3.11088e-43 0.7364 0.4643 -0.4921
0.384089 0.277785 -0.159095 0 3.11088e-43 0.7364 0.4643 -0.4921
0.106304 0.415735 -0.25664 0 3.11088e-43 0.2659 0.8781 -0.3979
0.073223 0.46194 -0.176777 0 3.11088e-43 0.2659 0.8781 -0.3979
0.135299 0.46194 -0.135299 0 3.11088e-43 0.2659 0.8781 -0.3979
0.159095 -0.277785 -0.384089 0 3.11088e-43 0.4921 -0.4643 -0.7364
0.176777 -0.191342 -0.426777 0 3.11088e-43 0.4921 -0.4643 -0.7364
0.326641 -0.191342 -0.326641 0 3.11088e-43 0.4921 -0.4643 -0.7364
0.135299 0.353553 -0.326641 0 3.11088e-43 0.3565 0.7669 -0.5336
0.106304 0.415735 -0.25664 0 3.11088e-43 0.3565 0.7669 -0.5336
0.196424 0.415735 -0.196424 0 3.11088e-43 0.3565 0.7669 -0.5336
0.135299 -0.353553 -0.326641 0 3.11088e-43 0.4328 -0.627 -0.6477
0.159095 -0.277785 -0.384089 0 3.11088e-43 0.4328 -0.627 -0.6477
0.293969 -0.277785 -0.293969 0 3.11088e-43 0.4328 -0.627 -0.6477
0.135299 0.353553 -0.326641 0 3.11088e-43 0.4328 0.627 -0.6477
0.25 0.353553 -0.25 0 3.11088e-43 0.4328 0.627 -0.6477
0.293969 0.277785 -0.293969 0 3.11088e-43 0.4328 0.627 -0.6477
0.135299 -0.353553 -0.326641 0 3.11088e-43 0.3565 -0.7669 -0.5336
0.25 -0.353553 -0.25 0 3.11088e-43 0.3565 -0.7669 -0.5336
0.196424 -0.415735 -0.196424 0 3.11088e-43 0.3565 -0.7669 -0.5336
0.176777 0.191342 -0.426777 0 3.11088e-43 0.4921 0.4643 -0.7364
0.159095 0.277785 -0.384089 0 3.11088e-43 0.4921 0.4643 -0.7364
0.293969 0.277785 -0.293969 0 3.11088e-43 0.4921 0.4643 -0.7364
0.106304 -0.415735 -0.25664 0 3.11088e-43 0.2659 -0.8781 -0.3979
0.196424 -0.415735 -0.196424 0 3.11088e-43 0.2659 -0.8781 -0.3979
0.135299 -0.46194 -0.135299 0 3.11088e-43 0.2659 -0.8781 -0.3979
0.187665 0.097545 -0.453064 0 3.11088e-43 0.5325 0.2852 -0.7969
0.176777 0.191342 -0.426777 0 3.11088e-43 0.5325 0.2852 -0.7969
0.326641 0.191342 -0.326641 0 3.11088e-43 0.5325 0.2852 -0.7969
0.037329 -0.490393 -0.09012 0 3.11088e-43 0.1642 -0.9553 -0.2457
0.073223 -0.46194 -0.176777 0 3.11088e-43 0.1642 -0.9553 -0.2457
0.135299 -0.46194 -0.135299 0 3.11088e-43 0.1642 -0.9553 -0.2457
0.187665 0.097545 -0.453064 0 3.11088e-43 0.553 0.0962 -0.8276
0.34676 0.097545 -0.34676 0 3.11088e-43 0.553 0.0962 -0.8276
0.353553 0 -0.353554 0 3.11088e-43 0.553 0.0962 -0.8276
0.187665 -0.097545 -0.453064 0 3.11088e-43 0.553 -0.0962 -0.8276
0.191342 0 -0.46194 0 3.11088e-43 0.553 -0.0962 -0.8276
0.353553 0 -0.353554 0 3.11088e-43 0.553 -0.0962 -0.8276
0.073223 0.46194 -0.176777 0 3.11088e-43 0.1642 0.9553 -0.2457
0.037329 0.490393 -0.09012 0 3.11088e-43 0.1642 0.9553 -0.2457
0.068975 0.490393 -0.068975 0 3.11088e-43 0.1642 0.9553 -0.2457
0.187665 -0.097545 -0.453064 0 3.11088e-43 0.5325 -0.2852 -0.7969
0.34676 -0.097545 -0.34676 0 3.11088e-43 0.5325 -0.2852 -0.7969
0.326641 -0.191342 -0.326641 0 3.11088e-43 0.5325 -0.2852 -0.7969
-0 0.097545 -0.490393 0 3.11088e-43 0.187 0.2852 -0.9401
-0 0.191342 -0.46194 0 3.11088e-43 0.187 0.2852 -0.9401
0.176777 0.191342 -0.426777 0 3.11088e-43 0.187 0.2852 -0.9401
-0 -0.490393 -0.097545 0 3.11088e-43 0.0576 -0.9553 -0.2898
-0 -0.46194 -0.191342 0 3.11088e-43 0.0576 -0.9553 -0.2898
0.073223 -0.46194 -0.176777 0 3.11088e-43 0.0576 -0.9553 -0.2898
-0 0.097545 -0.490393 0 3.11088e-43 0.1942 0.0962 -0.9762
0.187665 0.097545 -0.453064 0 3.11088e-43 0.1942 0.0962 -0.9762
0.191342 0 -0.46194 0 3.11088e-43 0.1942 0.0962 -0.9762
-0 -0.097545 -0.490393 0 3.11088e-43 0.1942 -0.0962 -0.9762
-0 0 -0.5 0 3.11088e-43 0.1942 -0.0962 -0.9762
0.191342 0 -0.46194 0 3.11088e-43 0.1942 -0.0962 -0.9762
-0 0.46194 -0.191342 0 3.11088e-43 0.0576 0.9553 -0.2898
-0 0.490393 -0.097545 0 3.11088e-43 0.0576 0.9553 -0.2898
0.037329 0.490393 -0.09012 0 3.11088e-43 0.0576 0.9553 -0.2898
-0 -0.097545 -0.490393 0 3.11088e-43 0.187 -0.2852 -0.9401
0.187665 -0.097545 -0.453064 0 3.11088e-43 0.187 -0.2852 -0.9401
0.176777 -0.191342 -0.426777 0 3.11088e-43 0.187 -0.2852 -0.9401
-0 0.415735 -0.277785 0 3.11088e-43 0.0934 0.8781 -0.4693
-0 0.46194 -0.191342 0 3.11088e-43 0.0934 0.8781 -0.4693
0.073223 0.46194 -0.176777 0 3.11088e-43 0.0934 0.8781 -0.4693
-0 -0.277785 -0.415735 0 3.11088e-43 0.1728 -0.4643 -0.8687
-0 -0.191342 -0.46194 0 3.11088e-43 0.1728 -0.4643 -0.8687
0.176777 -0.191342 -0.426777 0 3.11088e-43 0.1728 -0.4643 -0.8687
-0 0.353553 -0.353554 0 3.11088e-43 0.1252 0.7669 -0.6294
-0 0.415735 -0.277785 0 3.11088e-43 0.1252 0.7669 -0.6294
0.106304 0.415735 -0.25664 0 3.11088e-43 0.1252 0.7669 -0.6294
-0 -0.353553 -0.353554 0 3.11088e-43 0.152 -0.627 -0.764
-0 -0.277785 -0.415735 0 3.11088e-43 0.152 -0.627 -0.764
0.159095 -0.277785 -0.384089 0 3.11088e-43 0.152 -0.627 -0.764
-0 0.353553 -0.353554 0 3.11088e-43 0.152 0.627 -0.764
0.135299 0.353553 -0.326641 0 3.11088e-43 0.152 0.627 -0.764
0.159095 0.277785 -0.384089 0 3.11088e-43 0.152 0.627 -0.764
-0 -0.353553 -0.353554 0 3.11088e-43 0.1252 -0.7669 -0.6294
0.135299 -0.353553 -0.326641 0 3.11088e-43 0.1252 -0.7669 -0.6294
0.106304 -0.415735 -0.25664 0 3.11088e-43 0.1252 -0.7669 -0.6294
-0 0.191342 -0.46194 0 3.11088e-43 0.1728 0.4643 -0.8687
-0 0.277785 -0.415735 0 3.11088e-43 0.1728 0.4643 -0.8687
0.159095 0.277785 -0.384089 0 3.11088e-43 0.1728 0.4643 -0.8687
-0 -0.415735 -0.277785 0 3.11088e-43 0.0934 -0.8781 -0.4693
0.106304 -0.415735 -0.25664 0 3.11088e-43 0.0934 -0.8781 -0.4693
0.073223 -0.46194 -0.176777 0 3.11088e-43 0.0934 -0.8781 -0.4693
-0.176777 -0.191342 -0.426777 0 3.11088e-43 -0.1728 -0.4643 -0.8687
-0 -0.191342 -0.46194 0 3.11088e-43 -0.1728 -0.4643 -0.8687
-0 -0.277785 -0.415735 0 3.11088e-43 -0.1728 -0.4643 -0.8687
-0.135299 0.353553 -0.326641 0 3.11088e-43 -0.1252 0.7669 -0.6294
-0.106304 0.415735 -0.25664 0 3.11088e-43 -0.1252 0.7669 -0.6294
-0 0.415735 -0.277785 0 3.11088e-43 -0.1252 0.7669 -0.6294
-0.135299 -0.353553 -0.326641 0 3.11088e-43 -0.152 -0.627 -0.764
-0.159095 -0.277785 -0.384089 0 3.11088e-43 -0.152 -0.627 -0.764
-0 -0.277785 -0.415735 0 3.11088e-43 -0.152 -0.627 -0.764
-0.135299 0.353553 -0.326641 0 3.11088e-43 -0.152 0.627 -0.764
-0 0.353553 -0.353554 0 3.11088e-43 -0.152 0.627 -0.764
-0 0.277785 -0.415735 0 3.11088e-43 -0.152 0.627 -0.764
-0.135299 -0.353553 -0.326641 0 3.11088e-43 -0.1252 -0.7669 -0.6294
-0 -0.353553 -0.353554 0 3.11088e-43 -0.1252 -0.7669 -0.6294
-0 -0.415735 -0.277785 0 3.11088e-43 -0.1252 -0.7669 -0.6294
-0.176777 0.191342 -0.426777 0 3.11088e-43 -0.1728 0.4643 -0.8687
-0.159095 0.277785 -0.384089 0 3.11088e-43 -0.1728 0.4643 -0.8687
-0 0.277785 -0.415735 0 3.11088e-43 -0.1728 0.4643 -0.8687
-0.106304 -0.415735 -0.25664 0 3.11088e-43 -0.0934 -0.8781 -0.4693
-0 -0.415735 -0.277785 0 3.11088e-43 -0.0934 -0.8781 -0.4693
-0 -0.46194 -0.191342 0 3.11088e-43 -0.0934 -0.8781 -0.4693
-0.187665 0.097545 -0.453064 0 3.11088e-43 -0.187 0.2852 -0.9401
-0.176777 0.191342 -0.426777 0 3.11088e-43 -0.187 0.2852 -0.9401
-0 0.191342 -0.46194 0 3.11088e-43 -0.187 0.2852 -0.9401
-0.037329 -0.490393 -0.09012 0 3.11088e-43 -0.0576 -0.9553 -0.2898
-0.073223 -0.46194 -0.176777 0 3.11088e-43 -0.0576 -0.9553 -0.2898
-0 -0.46194 -0.191342 0 3.11088e-43 -0.0576 -0.9553 -0.2898
-0.187665 0.097545 -0.453064 0 3.11088e-43 -0.1942 0.0962 -0.9762
-0 0.097545 -0.490393 0 3.11088e-43 -0.1942 0.0962 -0.9762
-0 0 -0.5 0 3.11088e-43 -0.1942 0.0962 -0.9762
-0.187665 -0.097545 -0.453064 0 3.11088e-43 -0.1942 -0.0962 -0.9762
-0.191342 0 -0.46194 0 3.11088e-43 -0.1942 -0.0962 -0.9762
-0 0 -0.5 0 3.11088e-43 -0.1942 -0.0962 -0.9762
-0.073223 0.46194 -0.176777 0 3.11088e-43 -0.0576 0.9553 -0.2898
-0.037329 0.490393 -0.09012 0 3.11088e-43 -0.0576 0.9553 -0.2898
-0 0.490393 -0.097545 0 3.11088e-43 -0.0576 0.9553 -0.2898
-0.187665 -0.097545 -0.453064 0 3.11088e-43 -0.187 -0.2852 -0.9401
-0 -0.097545 -0.490393 0 3.11088e-43 -0.187 -0.2852 -0.9401
-0 -0.191342 -0.46194 0 3.11088e-43 -0.187 -0.2852 -0.9401
-0.106304 0.415735 -0.25664 0 3.11088e-43 -0.0934 0.8781 -0.4693
-0.073223 0.46194 -0.176777 0 3.11088e-43 -0.0934 0.8781 -0.4693
-0 0.46194 -0.191342 0 3.11088e-43 -0.0934 0.8781 -0.4693
-0.068975 -0.490393 -0.068975 0 3.11088e-43 -0.1642 -0.9553 -0.2457
-0.135299 -0.46194 -0.135299 0 3.11088e-43 -0.1642 -0.9553 -0.2457
-0.073223 -0.46194 -0.176777 0 3.11088e-43 -0.1642 -0.9553 -0.2457
-0.34676 0.097545 -0.34676 0 3.11088e-43 -0.553 0.0962 -0.8276
-0.187665 0.097545 -0.453064 0 3.11088e-43 -0.553 0.0962 -0.8276
-0.191342 0 -0.46194 0 3.11088e-43 -0.553 0.0962 -0.8276
-0.34676 -0.097545 -0.34676 0 3.11088e-43 -0.553 -0.0962 -0.8276
-0.353554 0 -0.353553 0 3.11088e-43 -0.553 -0.0962 -0.8276
-0.191342 0 -0.46194 0 3.11088e-43 -0.553 -0.0962 -0.8276
-0.135299 0.46194 -0.135299 0 3.11088e-43 -0.1642 0.9553 -0.2457
-0.068975 0.490393 -0.068975 0 3.11088e-43 -0.1642 0.9553 -0.2457
-0.037329 0.490393 -0.09012 0 3.11088e-43 -0.1642 0.9553 -0.2457
-0.34676 -0.097545 -0.34676 0 3.11088e-43 -0.5325 -0.2852 -0.7969
-0.187665 -0.097545 -0.453064 0 3.11088e-43 -0.5325 -0.2852 -0.7969
-0.176777 -0.191342 -0.426777 0 3.11088e-43 -0.5325 -0.2852 -0.7969
-0.196424 0.415735 -0.196424 0 3.11088e-43 -0.2659 0.8781 -0.3979
-0.135299 0.46194 -0.135299 0 3.11088e-43 -0.2659 0.8781 -0.3979
-0.073223 0.46194 -0.176777 0 3.11088e-43 -0.2659 0.8781 -0.3979
-0.326641 -0.191342 -0.326641 0 3.11088e-43 -0.4921 -0.4643 -0.7364
-0.176777 -0.191342 -0.426777 0 3.11088e-43 -0.4921 -0.4643 -0.7364
-0.159095 -0.277785 -0.384089 0 3.11088e-43 -0.4921 -0.4643 -0.7364
-0.25 0.353553 -0.25 0 3.11088e-43 -0.3565 0.7669 -0.5336
-0.196424 0.415735 -0.196424 0 3.11088e-43 -0.3565 0.7669 -0.5336
-0.106304 0.415735 -0.25664 0 3.11088e-43 -0.3565 0.7669 -0.5336
-0.25 -0.353553 -0.25 0 3.11088e-43 -0.4328 -0.627 -0.6477
-0.293969 -0.277785 -0.293969 0 3.11088e-43 -0.4328 -0.627 -0.6477
-0.159095 -0.277785 -0.384089 0 3.11088e-43 -0.4328 -0.627 -0.6477
-0.25 0.353553 -0.25 0 3.11088e-43 -0.4328 0.627 -0.6477
-0.135299 0.353553 -0.326641 0 3.11088e-43 -0.4328 0.627 -0.6477
-0.159095 0.277785 -0.384089 0 3.11088e-43 -0.4328 0.627 -0.6477
-0.25 -0.353553 -0.25 0 3.11088e-43 -0.3565 -0.7669 -0.5336
-0.135299 -0.353553 -0.326641 0 3.11088e-43 -0.3565 -0.7669 -0.5336
-0.106304 -0.415735 -0.25664 0 3.11088e-43 -0.3565 -0.7669 -0.5336
-0.326641 0.191342 -0.326641 0 3.11088e-43 -0.4921 0.4643 -0.7364
-0.293969 0.277785 -0.293969 0 3.11088e-43 -0.4921 0.4643 -0.7364
-0.159095 0.277785 -0.384089 0 3.11088e-43 -0.4921 0.4643 -0.7364
-0.196424 -0.415735 -0.196424 0 3.11088e-43 -0.2659 -0.8781 -0.3979
-0.106304 -0.415735 -0.25664 0 3.11088e-43 -0.2659 -0.8781 -0.3979
-0.073223 -0.46194 -0.176777 0 3.11088e-43 -0.2659 -0.8781 -0.3979
-0.34676 0.097545 -0.34676 0 3.11088e-43 -0.5325 0.2852 -0.7969
-0.326641 0.191342 -0.326641 0 3.11088e-43 -0.5325 0.2852 -0.7969
-0.176777 0.191342 -0.426777 0 3.11088e-43 -0.5325 0.2852 -0.7969
-0.326641 0.353553 -0.135299 0 3.11088e-43 -0.5336 0.7669 -0.3565
-0.25664 0.415735 -0.106304 0 3.11088e-43 -0.5336 0.7669 -0.3565
-0.196424 0.415735 -0.196424 0 3.11088e-43 -0.5336 0.7669 -0.3565
-0.326641 -0.353553 -0.135299 0 3.11088e-43 -0.6477 -0.627 -0.4328
-0.384089 -0.277785 -0.159095 0 3.11088e-43 -0.6477 -0.627 -0.4328
-0.293969 -0.277785 -0.293969 0 3.11088e-43 -0.6477 -0.627 -0.4328
-0.326641 0.353553 -0.135299 0 3.11088e-43 -0.6477 0.627 -0.4328
-0.25 0.353553 -0.25 0 3.11088e-43 -0.6477 0.627 -0.4328
-0.293969 0.277785 -0.293969 0 3.11088e-43 -0.6477 0.627 -0.4328
-0.326641 -0.353553 -0.135299 0 3.11088e-43 -0.5336 -0.7669 -0.3565
-0.25 -0.353553 -0.25 0 3.11088e-43 -0.5336 -0.7669 -0.3565
-0.196424 -0.415735 -0.196424 0 3.11088e-43 -0.5336 -0.7669 -0.3565
-0.426777 0.191342 -0.176777 0 3.11088e-43 -0.7364 0.4643 -0.4921
-0.384089 0.277785 -0.159095 0 3.11088e-43 -0.7364 0.4643 -0.4921
-0.293969 0.277785 -0.293969 0 3.11088e-43 -0.7364 0.4643 -0.4921
-0.25664 -0.415735 -0.106304 0 3.11088e-43 -0.3979 -0.8781 -0.2659
-0.196424 -0.415735 -0.196424 0 3.11088e-43 -0.3979 -0.8781 -0.2659
-0.135299 -0.46194 -0.135299 0 3.11088e-43 -0.3979 -0.8781 -0.2659
-0.453064 0.097545 -0.187665 0 3.11088e-43 -0.7969 0.2852 -0.5325
-0.426777 0.191342 -0.176777 0 3.11088e-43 -0.7969 0.2852 -0.5325
-0.326641 0.191342 -0.326641 0 3.11088e-43 -0.7969 0.2852 -0.5325
-0.09012 -0.490393 -0.037329 0 3.11088e-43 -0.2457 -0.9553 -0.1642
-0.176777 -0.46194 -0.073223 0 3.11088e-43 -0.2457 -0.9553 -0.1642
-0.135299 -0.46194 -0.135299 0 3.11088e-43 -0.2457 -0.9553 -0.1642
-0.453064 0.097545 -0.187665 0 3.11088e-43 -0.8276 0.0962 -0.553
-0.34676 0.097545 -0.34676 0 3.11088e-43 -0.8276 0.0962 -0.553
-0.353554 0 -0.353553 0 3.11088e-43 -0.8276 0.0962 -0.553
-0.453064 -0.097545 -0.187665 0 3.11088e-43 -0.8276 -0.0962 -0.553
-0.46194 0 -0.191342 0 3.11088e-43 -0.8276 -0.0962 -0.553
-0.353554 0 -0.353553 0 3.11088e-43 -0.8276 -0.0962 -0.553
-0.176777 0.46194 -0.073223 0 3.11088e-43 -0.2457 0.9553 -0.1642
-0.09012 0.490393 -0.037329 0 3.11088e-43 -0.2457 0.9553 -0.1642
-0.068975 0.490393 -0.068975 0 3.11088e-43 -0.2457 0.9553 -0.1642
-0.453064 -0.097545 -0.187665 0 3.11088e-43 -0.7969 -0.2852 -0.5325
-0.34676 -0.097545 -0.34676 0 3.11088e-43 -0.7969 -0.2852 -0.5325
-0.326641 -0.191342 -0.326641 0 3.11088e-43 -0.7969 -0.2852 -0.5325
-0.176777 0.46194 -0.073223 0 3.11088e-43 -0.3979 0.8781 -0.2659
-0.135299 0.46194 -0.135299 0 3.11088e-43 -0.3979 0.8781 -0.2659
-0.196424 0.415735 -0.196424 0 3.11088e-43 -0.3979 0.8781 -0.2659
-0.426777 -0.191342 -0.176777 0 3.11088e-43 -0.7364 -0.4643 -0.4921
-0.326641 -0.191342 -0.326641 0 3.11088e-43 -0.7364 -0.4643 -0.4921
-0.293969 -0.277785 -0.293969 0 3.11088e-43 -0.7364 -0.4643 -0.4921
-0.490393 0.097545 -0 0 3.11088e-43 -0.9762 0.0962 -0.1942
-0.453064 0.097545 -0.187665 0 3.11088e-43 -0.9762 0.0962 -0.1942
-0.46194 0 -0.191342 0 3.11088e-43 -0.9762 0.0962 -0.1942
-0.490393 -0.097545 -0 0 3.11088e-43 -0.9762 -0.0962 -0.1942
-0.5 0 0 0 3.11088e-43 -0.9762 -0.0962 -0.1942
-0.46194 0 -0.191342 0 3.11088e-43 -0.9762 -0.0962 -0.1942
-0.191342 0.46194 -0 0 3.11088e-43 -0.2898 0.9553 -0.0576
-0.097545 0.490393 -0 0 3.11088e-43 -0.2898 0.9553 -0.0576
-0.09012 0.490393 -0.037329 0 3.11088e-43 -0.2898 0.9553 -0.0576
-0.490393 -0.097545 -0 0 3.11088e-43 -0.9401 -0.2852 -0.187
-0.453064 -0.097545 -0.187665 0 3.11088e-43 -0.9401 -0.2852 -0.187
-0.426777 -0.191342 -0.176777 0 3.11088e-43 -0.9401 -0.2852 -0.187
-0.191342 0.46194 -0 0 3.11088e-43 -0.4693 0.8781 -0.0934
-0.176777 0.46194 -0.073223 0 3.11088e-43 -0.4693 0.8781 -0.0934
-0.25664 0.415735 -0.106304 0 3.11088e-43 -0.4693 0.8781 -0.0934
-0.46194 -0.191342 0 0 3.11088e-43 -0.8687 -0.4643 -0.1728
-0.426777 -0.191342 -0.176777 0 3.11088e-43 -0.8687 -0.4643 -0.1728
-0.384089 -0.277785 -0.159095 0 3.11088e-43 -0.8687 -0.4643 -0.1728
-0.353553 0.353553 -0 0 3.11088e-43 -0.6294 0.7669 -0.1252
-0.277785 0.415735 -0 0 3.11088e-43 -0.6294 0.7669 -0.1252
-0.25664 0.415735 -0.106304 0 3.11088e-43 -0.6294 0.7669 -0.1252
-0.353553 -0.353553 -0 0 3.11088e-43 -0.764 -0.627 -0.152
-0.415735 -0.277785 0 0 3.11088e-43 -0.764 -0.627 -0.152
-0.384089 -0.277785 -0.159095 0 3.11088e-43 -0.764 -0.627 -0.152
-0.353553 0.353553 -0 0 3.11088e-43 -0.764 0.627 -0.152
-0.326641 0.353553 -0.135299 0 3.11088e-43 -0.764 0.627 -0.152
-0.384089 0.277785 -0.159095 0 3.11088e-43 -0.764 0.627 -0.152
-0.353553 -0.353553 -0 0 3.11088e-43 -0.6294 -0.7669 -0.1252
-0.326641 -0.353553 -0.135299 0 3.11088e-43 -0.6294 -0.7669 -0.1252
-0.25664 -0.415735 -0.106304 0 3.11088e-43 -0.6294 -0.7669 -0.1252
-0.46194 0.191342 0 0 3.11088e-43 -0.8687 0.4643 -0.1728
-0.415735 0.277785 0 0 3.11088e-43 -0.8687 0.4643 -0.1728
-0.384089 0.277785 -0.159095 0 3.11088e-43 -0.8687 0.4643 -0.1728
-0.277785 -0.415735 -0 0 3.11088e-43 -0.4693 -0.8781 -0.0934
-0.25664 -0.415735 -0.106304 0 3.11088e-43 -0.4693 -0.8781 -0.0934
-0.176777 -0.46194 -0.073223 0 3.11088e-43 -0.4693 -0.8781 -0.0934
-0.490393 0.097545 -0 0 3.11088e-43 -0.9401 0.2852 -0.187
-0.46194 0.191342 0 0 3.11088e-43 -0.9401 0.2852 -0.187
-0.426777 0.191342 -0.176777 0 3.11088e-43 -0.9401 0.2852 -0.187
-0.097545 -0.490393 -0 0 3.11088e-43 -0.2898 -0.9553 -0.0576
-0.191342 -0.46194 -0 0 3.11088e-43 -0.2898 -0.9553 -0.0576
-0.176777 -0.46194 -0.073223 0 3.11088e-43 -0.2898 -0.9553 -0.0576
-0.326641 -0.353553 0.135299 0 3.11088e-43 -0.764 -0.627 0.152
-0.384089 -0.277785 0.159095 0 3.11088e-43 -0.764 -0.627 0.152
-0.415735 -0.277785 0 0 3.11088e-43 -0.764 -0.627 0.152
-0.326641 0.353553 0.135299 0 3.11088e-43 -0.764 0.627 0.152
-0.353553 0.353553 -0 0 3.11088e-43 -0.764 0.627 0.152
-0.415735 0.277785 0 0 3.11088e-43 -0.764 0.627 0.152
-0.326641 -0.353553 0.135299 0 3.11088e-43 -0.6294 -0.7669 0.1252
-0.353553 -0.353553 -0 0 3.11088e-43 -0.6294 -0.7669 0.1252
-0.277785 -0.415735 -0 0 3.11088e-43 -0.6294 -0.7669 0.1252
-0.426777 0.191342 0.176777 0 3.11088e-43 -0.8687 0.4643 0.1728
-0.384089 0.277785 0.159095 0 3.11088e-43 -0.8687 0.4643 0.1728
-0.415735 0.277785 0 0 3.11088e-43 -0.8687 0.4643 0.1728
-0.25664 -0.415735 0.106304 0 3.11088e-43 -0.4693 -0.8781 0.0934
-0.277785 -0.415735 -0 0 3.11088e-43 -0.4693 -0.8781 0.0934
-0.191342 -0.46194 -0 0 3.11088e-43 -0.4693 -0.8781 0.0934
-0.453064 0.097545 0.187665 0 3.11088e-43 -0.9401 0.2852 0.187
-0.426777 0.191342 0.176777 0 3.11088e-43 -0.9401 0.2852 0.187
-0.46194 0.191342 0 0 3.11088e-43 -0.9401 0.2852 0.187
-0.09012 -0.490393 0.037329 0 3.11088e-43 -0.2898 -0.9553 0.0576
-0.176777 -0.46194 0.073223 0 3.11088e-43 -0.2898 -0.9553 0.0576
-0.191342 -0.46194 -0 0 3.11088e-43 -0.2898 -0.9553 0.0576
-0.453064 0.097545 0.187665 0 3.11088e-43 -0.9762 0.0962 0.1942
-0.490393 0.097545 -0 0 3.11088e-43 -0.9762 0.0962 0.1942
-0.5 0 0 0 3.11088e-43 -0.9762 0.0962 0.1942
-0.453064 -0.097545 0.187665 0 3.11088e-43 -0.9762 -0.0962 0.1942
-0.46194 0 0.191342 0 3.11088e-43 -0.9762 -0.0962 0.1942
-0.5 0 0 0 3.11088e-43 -0.9762 -0.0962 0.1942
-0.176777 0.46194 0.073223 0 3.11088e-43 -0.2898 0.9553 0.0576
-0.09012 0.490393 0.037329 0 3.11088e-43 -0.2898 0.9553 0.0576
-0.097545 0.490393 -0 0 3.11088e-43 -0.2898 0.9553 0.0576
-0.453064 -0.097545 0.187665 0 3.11088e-43 -0.9401 -0.2852 0.187
-0.490393 -0.097545 -0 0 3.11088e-43 -0.9401 -0.2852 0.187
-0.46194 -0.191342 0 0 3.11088e-43 -0.9401 -0.2852 0.187
-0.176777 0.46194 0.073223 0 3.11088e-43 -0.4693 0.8781 0.0934
-0.191342 0.46194 -0 0 3.11088e-43 -0.4693 0.8781 0.0934
-0.277785 0.415735 -0 0 3.11088e-43 -0.4693 0.8781 0.0934
-0.426777 -0.191342 0.176777 0 3.11088e-43 -0.8687 -0.4643 0.1728
-0.46194 -0.191342 0 0 3.11088e-43 -0.8687 -0.4643 0.1728
-0.415735 -0.277785 0 0 3.11088e-43 -0.8687 -0.4643 0.1728
-0.326641 0.353553 0.135299 0 3.11088e-43 -0.6294 0.7669 0.1252
-0.25664 0.415735 0.106304 0 3.11088e-43 -0.6294 0.7669 0.1252
-0.277785 0.415735 -0 0 3.11088e-43 -0.6294 0.7669 0.1252
-0.34676 -0.097545 0.34676 0 3.11088e-43 -0.8276 -0.0962 0.553
-0.353553 0 0.353553 0 3.11088e-43 -0.8276 -0.0962 0.553
-0.46194 0 0.191342 0 3.11088e-43 -0.8276 -0.0962 0.553
-0.135299 0.46194 0.135299 0 3.11088e-43 -0.2457 0.9553 0.1642
-0.068975 0.490393 0.068975 0 3.11088e-43 -0.2457 0.9553 0.1642
-0.09012 0.490393 0.037329 0 3.11088e-43 -0.2457 0.9553 0.1642
-0.34676 -0.097545 0.34676 0 3.11088e-43 -0.7969 -0.2852 0.5325
-0.453064 -0.097545 0.187665 0 3.11088e-43 -0.7969 -0.2852 0.5325
-0.426777 -0.191342 0.176777 0 3.11088e-43 -0.7969 -0.2852 0.5325
-0.135299 0.46194 0.135299 0 3.11088e-43 -0.3979 0.8781 0.2659
-0.176777 0.46194 0.073223 0 3.11088e-43 -0.3979 0.8781 0.2659
-0.25664 0.415735 0.106304 0 3.11088e-43 -0.3979 0.8781 0.2659
-0.326641 -0.191342 0.326641 0 3.11088e-43 -0.7364 -0.4643 0.4921
-0.426777 -0.191342 0.176777 0 3.11088e-43 -0.7364 -0.4643 0.4921
-0.384089 -0.277785 0.159095 0 3.11088e-43 -0.7364 -0.4643 0.4921
-0.25 0.353553 0.25 0 3.11088e-43 -0.5336 0.7669 0.3565
-0.196424 0.415735 0.196424 0 3.11088e-43 -0.5336 0.7669 0.3565
-0.25664 0.415735 0.106304 0 3.11088e-43 -0.5336 0.7669 0.3565
-0.25 -0.353553 0.25 0 3.11088e-43 -0.6477 -0.627 0.4328
-0.293969 -0.277785 0.293969 0 3.11088e-43 -0.6477 -0.627 0.4328
-0.384089 -0.277785 0.159095 0 3.11088e-43 -0.6477 -0.627 0.4328
-0.25 0.353553 0.25 0 3.11088e-43 -0.6477 0.627 0.4328
-0.326641 0.353553 0.135299 0 3.11088e-43 -0.6477 0.627 0.4328
-0.384089 0.277785 0.159095 0 3.11088e-43 -0.6477 0.627 0.4328
-0.25 -0.353553 0.25 0 3.11088e-43 -0.5336 -0.7669 0.3565
-0.326641 -0.353553 0.135299 0 3.11088e-43 -0.5336 -0.7669 0.3565
-0.25664 -0.415735 0.106304 0 3.11088e-43 -0.5336 -0.7669 0.3565
-0.326641 0.191342 0.326641 0 3.11088e-43 -0.7364 0.4643 0.4921
-0.293969 0.277785 0.293969 0 3.11088e-43 -0.7364 0.4643 0.4921
-0.384089 0.277785 0.159095 0 3.11088e-43 -0.7364 0.4643 0.4921
-0.196424 -0.415735 0.196424 0 3.11088e-43 -0.3979 -0.8781 0.2659
-0.25664 -0.415735 0.106304 0 3.11088e-43 -0.3979 -0.8781 0.2659
-0.176777 -0.46194 0.073223 0 3.11088e-43 -0.3979 -0.8781 0.2659
-0.34676 0.097545 0.34676 0 3.11088e-43 -0.7969 0.2852 0.5325
-0.326641 0.191342 0.326641 0 3.11088e-43 -0.7969 0.2852 0.5325
-0.426777 0.191342 0.176777 0 3.11088e-43 -0.7969 0.2852 0.5325
-0.068975 -0.490393 0.068975 0 3.11088e-43 -0.2457 -0.9553 0.1642
-0.135299 -0.46194 0.135299 0 3.11088e-43 -0.2457 -0.9553 0.1642
-0.176777 -0.46194 0.073223 0 3.11088e-43 -0.2457 -0.9553 0.1642
-0.34676 0.097545 0.34676 0 3.11088e-43 -0.8276 0.0962 0.553
-0.453064 0.097545 0.187665 0 3.11088e-43 -0.8276 0.0962 0.553
-0.46194 0 0.191342 0 3.11088e-43 -0.8276 0.0962 0.553
-0.135299 -0.353553 0.326641 0 3.11088e-43 -0.3565 -0.7669 0.5336
-0.25 -0.353553 0.25 0 3.11088e-43 -0.3565 -0.7669 0.5336
-0.196424 -0.415735 0.196424 0 3.11088e-43 -0.3565 -0.7669 0.5336
-0.176776 0.191342 0.426777 0 3.11088e-43 -0.4921 0.4643 0.7364
-0.159095 0.277785 0.384089 0 3.11088e-43 -0.4921 0.4643 0.7364
-0.293969 0.277785 0.293969 0 3.11088e-43 -0.4921 0.4643 0.7364
-0.073223 -0.46194 0.176777 0 3.11088e-43 -0.2659 -0.8781 0.3979
-0.106304 -0.415735 0.25664 0 3.11088e-43 -0.2659 -0.8781 0.3979
-0.196424 -0.415735 0.196424 0 3.11088e-43 -0.2659 -0.8781 0.3979
-0.187665 0.097545 0.453064 0 3.11088e-43 -0.5325 0.2852 0.7969
-0.176776 0.191342 0.426777 0 3.11088e-43 -0.5325 0.2852 0.7969
-0.326641 0.191342 0.326641 0 3.11088e-43 -0.5325 0.2852 0.7969
-0.037329 -0.490393 0.09012 0 3.11088e-43 -0.1642 -0.9553 0.2457
-0.073223 -0.46194 0.176777 0 3.11088e-43 -0.1642 -0.9553 0.2457
-0.135299 -0.46194 0.135299 0 3.11088e-43 -0.1642 -0.9553 0.2457
-0.187665 0.097545 0.453064 0 3.11088e-43 -0.553 0.0962 0.8276
-0.34676 0.097545 0.34676 0 3.11088e-43 -0.553 0.0962 0.8276
-0.353553 0 0.353553 0 3.11088e-43 -0.553 0.0962 0.8276
-0.187665 -0.097545 0.453064 0 3.11088e-43 -0.553 -0.0962 0.8276
-0.191342 0 0.46194 0 3.11088e-43 -0.553 -0.0962 0.8276
-0.353553 0 0.353553 0 3.11088e-43 -0.553 -0.0962 0.8276
-0.073223 0.46194 0.176777 0 3.11088e-43 -0.1642 0.9553 0.2457
-0.037329 0.490393 0.09012 0 3.11088e-43 -0.1642 0.9553 0.2457
-0.068975 0.490393 0.068975 0 3.11088e-43 -0.1642 0.9553 0.2457
-0.187665 -0.097545 0.453064 0 3.11088e-43 -0.5325 -0.2852 0.7969
-0.34676 -0.097545 0.34676 0 3.11088e-43 -0.5325 -0.2852 0.7969
-0.326641 -0.191342 0.326641 0 3.11088e-43 -0.5325 -0.2852 0.7969
-0.073223 0.46194 0.176777 0 3.11088e-43 -0.2659 0.8781 0.3979
-0.135299 0.46194 0.135299 0 3.11088e-43 -0.2659 0.8781 0.3979
-0.196424 0.415735 0.196424 0 3.11088e-43 -0.2659 0.8781 0.3979
-0.176776 -0.191342 0.426777 0 3.11088e-43 -0.4921 -0.4643 0.7364
-0.326641 -0.191342 0.326641 0 3.11088e-43 -0.4921 -0.4643 0.7364
-0.293969 -0.277785 0.293969 0 3.11088e-43 -0.4921 -0.4643 0.7364
-0.135299 0.353553 0.326641 0 3.11088e-43 -0.3565 0.7669 0.5336
-0.106304 0.415735 0.25664 0 3.11088e-43 -0.3565 0.7669 0.5336
-0.196424 0.415735 0.196424 0 3.11088e-43 -0.3565 0.7669 0.5336
-0.135299 -0.353553 0.326641 0 3.11088e-43 -0.4328 -0.627 0.6477
-0.159095 -0.277785 0.384089 0 3.11088e-43 -0.4328 -0.627 0.6477
-0.293969 -0.277785 0.293969 0 3.11088e-43 -0.4328 -0.627 0.6477
-0.135299 0.353553 0.326641 0 3.11088e-43 -0.4328 0.627 0.6477
-0.25 0.353553 0.25 0 3.11088e-43 -0.4328 0.627 0.6477
-0.293969 0.277785 0.293969 0 3.11088e-43 -0.4328 0.627 0.6477
0 0.490393 0.097545 0 3.11088e-43 -0.0576 0.9553 0.2898
-0.037329 0.490393 0.09012 0 3.11088e-43 -0.0576 0.9553 0.2898
-0.073223 0.46194 0.176777 0 3.11088e-43 -0.0576 0.9553 0.2898
0 -0.191342 0.46194 0 3.11088e-43 -0.187 -0.2852 0.9401
0 -0.097545 0.490392 0 3.11088e-43 -0.187 -0.2852 0.9401
-0.187665 -0.097545 0.453064 0 3.11088e-43 -0.187 -0.2852 0.9401
0 0.46194 0.191342 0 3.11088e-43 -0.0934 0.8781 0.4693
-0.073223 0.46194 0.176777 0 3.11088e-43 -0.0934 0.8781 0.4693
-0.106304 0.415735 0.25664 0 3.11088e-43 -0.0934 0.8781 0.4693
0 -0.277785 0.415735 0 3.11088e-43 -0.1728 -0.4643 0.8687
0 -0.191342 0.46194 0 3.11088e-43 -0.1728 -0.4643 0.8687
-0.176776 -0.191342 0.426777 0 3.11088e-43 -0.1728 -0.4643 0.8687
0 0.415735 0.277785 0 3.11088e-43 -0.1252 0.7669 0.6294
-0.106304 0.415735 0.25664 0 3.11088e-43 -0.1252 0.7669 0.6294
-0.135299 0.353553 0.326641 0 3.11088e-43 -0.1252 0.7669 0.6294
0 -0.353553 0.353553 0 3.11088e-43 -0.152 -0.627 0.764
0 -0.277785 0.415735 0 3.11088e-43 -0.152 -0.627 0.764
-0.159095 -0.277785 0.384089 0 3.11088e-43 -0.152 -0.627 0.764
0 0.353553 0.353553 0 3.11088e-43 -0.152 0.627 0.764
-0.135299 0.353553 0.326641 0 3.11088e-43 -0.152 0.627 0.764
-0.159095 0.277785 0.384089 0 3.11088e-43 -0.152 0.627 0.764
0 -0.415735 0.277785 0 3.11088e-43 -0.1252 -0.7669 0.6294
0 -0.353553 0.353553 0 3.11088e-43 -0.1252 -0.7669 0.6294
-0.135299 -0.353553 0.326641 0 3.11088e-43 -0.1252 -0.7669 0.6294
0 0.191342 0.46194 0 3.11088e-43 -0.1728 0.4643 0.8687
0 0.277785 0.415735 0 3.11088e-43 -0.1728 0.4643 0.8687
-0.159095 0.277785 0.384089 0 3.11088e-43 -0.1728 0.4643 0.8687
0 -0.46194 0.191342 0 3.11088e-43 -0.0934 -0.8781 0.4693
0 -0.415735 0.277785 0 3.11088e-43 -0.0934 -0.8781 0.4693
-0.106304 -0.415735 0.25664 0 3.11088e-43 -0.0934 -0.8781 0.4693
0 0.191342 0.46194 0 3.11088e-43 -0.187 0.2852 0.9401
-0.176776 0.191342 0.426777 0 3.11088e-43 -0.187 0.2852 0.9401
-0.187665 0.097545 0.453064 0 3.11088e-43 -0.187 0.2852 0.9401
0 -0.490393 0.097545 0 3.11088e-43 -0.0576 -0.9553 0.2898
0 -0.46194 0.191342 0 3.11088e-43 -0.0576 -0.9553 0.2898
-0.073223 -0.46194 0.176777 0 3.11088e-43 -0.0576 -0.9553 0.2898
0 0 0.5 0 3.11088e-43 -0.1942 0.0962 0.9762
0 0.097545 0.490392 0 3.11088e-43 -0.1942 0.0962 0.9762
-0.187665 0.097545 0.453064 0 3.11088e-43 -0.1942 0.0962 0.9762
0 0 0.5 0 3.11088e-43 -0.1942 -0.0962 0.9762
-0.191342 0 0.46194 0 3.11088e-43 -0.1942 -0.0962 0.9762
-0.187665 -0.097545 0.453064 0 3.11088e-43 -0.1942 -0.0962 0.9762
