Vertex Count: 72

Data:

0.866026 -0 0.5 0 5.99616e-42 0.4706 -0.3377 0.8152
0 -0 1 0 5.99616e-42 0.4706 -0.3377 0.8152
0 -0.707107 0.707107 0 5.99616e-42 0.4706 -0.3377 0.8152
0.612373 0.707107 0.353553 0 5.99616e-42 0.2157 0.9021 0.3737
-0 1 -0 0 5.99616e-42 0.2157 0.9021 0.3737
0 0.707107 0.707107 0 5.99616e-42 0.2157 0.9021 0.3737
0.612373 -0.707107 0.353553 0 5.99616e-42 0.2157 -0.9021 0.3737
0 -0.707107 0.707107 0 5.99616e-42 0.2157 -0.9021 0.3737
0 -1 -0 0 5.99616e-42 0.2157 -0.9021 0.3737
0.612373 0.707107 0.353553 0 5.99616e-42 0.4706 0.3377 0.8152
0 0.707107 0.707107 0 5.99616e-42 0.4706 0.3377 0.8152
0 -0 1 0 5.99616e-42 0.4706 0.3377 0.8152
0.866025 -0 -0.5 0 5.99616e-42 0.9413 -0.3377 -0
0.866026 -0 0.5 0 5.99616e-42 0.9413 -0.3377 -0
0.612373 -0.707107 0.353553 0 5.99616e-42 0.9413 -0.3377 -0
0.612372 0.707107 -0.353554 0 5.99616e-42 0.4315 0.9021 -0
-0 1 -0 0 5.99616e-42 0.4315 0.9021 -0
0.612373 0.707107 0.353553 0 5.99616e-42 0.4315 0.9021 -0
0.612372 -0.707107 -0.353554 0 5.99616e-42 0.4315 -0.9021 -0
0.612373 -0.707107 0.353553 0 5.99616e-42 0.4315 -0.9021 -0
0 -1 -0 0 5.99616e-42 0.4315 -0.9021 -0
0.612372 0.707107 -0.353554 0 5.99616e-42 0.9413 0.3377 -0
0.612373 0.707107 0.353553 0 5.99616e-42 0.9413 0.3377 -0
0.866026 -0 0.5 0 5.99616e-42 0.9413 0.3377 -0
-0 -0 -1 0 5.99616e-42 0.4706 -0.3377 -0.8152
0.866025 -0 -0.5 0 5.99616e-42 0.4706 -0.3377 -0.8152
0.612372 -0.707107 -0.353554 0 5.99616e-42 0.4706 -0.3377 -0.8152
-0 0.707107 -0.707107 0 5.99616e-42 0.2157 0.9021 -0.3737
-0 1 -0 0 5.99616e-42 0.2157 0.9021 -0.3737
0.612372 0.707107 -0.353554 0 5.99616e-42 0.2157 0.9021 -0.3737
-0 -0.707107 -0.707107 0 5.99616e-42 0.2157 -0.9021 -0.3737
0.612372 -0.707107 -0.353554 0 5.99616e-42 0.2157 -0.9021 -0.3737
0 -1 -0 0 5.99616e-42 0.2157 -0.9021 -0.3737
-0 0.707107 -0.707107 0 5.99616e-42 0.4706 0.3377 -0.8152
0.612372 0.707107 -0.353554 0 5.99616e-42 0.4706 0.3377 -0.8152
0.866025 -0 -0.5 0 5.99616e-42 0.4706 0.3377 -0.8152
-0.866026 -0 -0.5 0 5.99616e-42 -0.4706 -0.3377 -0.8152
-0 -0 -1 0 5.99616e-42 -0.4706 -0.3377 -0.8152
-0 -0.707107 -0.707107 0 5.99616e-42 -0.4706 -0.3377 -0.8152
-0.612373 0.707107 -0.353553 0 5.99616e-42 -0.2157 0.9021 -0.3737
-0 1 -0 0 5.99616e-42 -0.2157 0.9021 -0.3737
-0 0.707107 -0.707107 0 5.99616e-42 -0.2157 0.9021 -0.3737
-0.612373 -0.707107 -0.353553 0 5.99616e-42 -0.2157 -0.9021 -0.3737
-0 -0.707107 -0.707107 0 5.99616e-42 -0.2157 -0.9021 -0.3737
0 -1 -0 0 5.99616e-42 -0.2157 -0.9021 -0.3737
-0.612373 0.707107 -0.353553 0 5.99616e-42 -0.4706 0.3377 -0.8152
-0 0.707107 -0.707107 0 5.99616e-42 -0.4706 0.3377 -0.8152
-0 -0 -1 0 5.99616e-42 -0.4706 0.3377 -0.8152
-0.612372 0.707107 0.353554 0 5.99616e-42 -0.9413 0.3377 0
-0.612373 0.707107 -0.353553 0 5.99616e-42 -0.9413 0.3377 0
-0.866026 -0 -0.5 0 5.99616e-42 -0.9413 0.3377 0
-0.866025 -0 0.5 0 5.99616e-42 -0.9413 -0.3377 0
-0.866026 -0 -0.5 0 5.99616e-42 -0.9413 -0.3377 0
-0.612373 -0.707107 -0.353553 0 5.99616e-42 -0.9413 -0.3377 0
-0.612372 0.707107 0.353554 0 5.99616e-42 -0.4315 0.9021 -0
-0 1 -0 0 5.99616e-42 -0.4315 0.9021 -0
-0.612373 0.707107 -0.353553 0 5.99616e-42 -0.4315 0.9021 -0
-0.612372 -0.707107 0.353554 0 5.99616e-42 -0.4315 -0.9021 -0
-0.612373 -0.707107 -0.353553 0 5.99616e-42 -0.4315 -0.9021 -0
0 -1 -0 0 5.99616e-42 -0.4315 -0.9021 -0
0 -0.707107 0.707107 0 5.99616e-42 -0.2157 -0.9021 0.3737
-0.612372 -0.707107 0.353554 0 5.99616e-42 -0.2157 -0.9021 0.3737
0 -1 -0 0 5.99616e-42 -0.2157 -0.9021 0.3737
0 0.707107 0.707107 0 5.99616e-42 -0.4706 0.3377 0.8152
-0.612372 0.707107 0.353554 0 5.99616e-42 -0.4706 0.3377 0.8152
-0.866025 -0 0.5 0 5.99616e-42 -0.4706 0.3377 0.8152
0 -0 1 0 5.99616e-42 -0.4706 -0.3377 0.8152
-0.866025 -0 0.5 0 5.99616e-42 -0.4706 -0.3377 0.8152
-0.612372 -0.707107 0.353554 0 5.99616e-42 -0.4706 -0.3377 0.8152
0 0.707107 0.707107 0 5.99616e-42 -0.2157 0.9021 0.3737
-0 1 -0 0 5.99616e-42 -0.2157 0.9021 0.3737
-0.612372 0.707107 0.353554 0 5.99616e-42 -0.2157 0.9021 0.3737
